0
21600
43200
64800
86400
108000
129600
151200
172800
194400
216000
237600
259200
280800
302400
324000
345600
367200
388800
410400
432000
453600
475200
496800
518400
540000
561600
583200
604800
626400
648000
669600
691200
712800
734400
756000
777600
799200
820800
842400
864000
885600
907200
928800
950400
972000
993600
1015200
1036800
1058400
1080000
1101600
1123200
1144800
1166400
1188000
1209600
1231200
1252800
1274400
1296000

0.0000000000000E+00
2.5920000000000E+06
5.1840000000000E+06
7.7760000000000E+06
1.0368000000000E+07
1.2960000000000E+07
1.5552000000000E+07
1.8144000000000E+07
2.0736000000000E+07
2.3328000000000E+07
2.5920000000000E+07
2.8512000000000E+07
3.1104000000000E+07
3.3696000000000E+07
3.6288000000000E+07
3.8880000000000E+07
4.1472000000000E+07
4.4064000000000E+07
4.6656000000000E+07
4.9248000000000E+07
5.1840000000000E+07
5.4432000000000E+07
5.7024000000000E+07
5.9616000000000E+07
6.2208000000000E+07
6.4800000000000E+07
6.7392000000000E+07
6.9984000000000E+07
7.2576000000000E+07
7.5168000000000E+07
7.7760000000000E+07
8.0352000000000E+07
8.2944000000000E+07
8.5536000000000E+07
8.8128000000000E+07
9.0720000000000E+07
9.3312000000000E+07
9.5904000000000E+07
9.8496000000000E+07
1.0108800000000E+08
1.0368000000000E+08
1.0627200000000E+08
1.0886400000000E+08
1.1145600000000E+08
1.1404800000000E+08
1.1664000000000E+08
1.1923200000000E+08
1.2182400000000E+08
1.2441600000000E+08
1.2700800000000E+08
1.2960000000000E+08
1.3219200000000E+08
1.3478400000000E+08
1.3737600000000E+08
1.3996800000000E+08
1.4256000000000E+08
1.4515200000000E+08
1.4774400000000E+08
1.5033600000000E+08
1.5292800000000E+08
1.5552000000000E+08

0.0000000000000E+00
1.5620736386160E-04
1.4094588099945E-03
4.6145824163427E-03
9.4373573290881E-03
1.4256588858224E-02
1.7477285774341E-02
1.8957806591488E-02
1.7152873490409E-02
1.4061615963604E-02
1.1368312866718E-02
9.3139199786407E-03
7.8328375171063E-03
6.7906204173380E-03
6.0294897108214E-03
5.8295892765787E-03
8.5461829627791E-03
1.2278498627621E-02
1.5056968766735E-02
1.6240741478769E-02
1.5180371854395E-02
1.3121506316159E-02
1.0939685615040E-02
9.1630350704238E-03
7.8457100301131E-03
6.8583353141067E-03
6.0504020101446E-03
5.8322003270439E-03
8.7457339078496E-03
1.2503398240077E-02
1.5365684687234E-02
1.6458010626565E-02
1.5550018347427E-02
1.3263595066368E-02
1.0891299145807E-02
9.0142598353268E-03
7.6142143478859E-03
6.5249627207769E-03
5.6958507099863E-03
6.1131788806853E-03
9.1216184318857E-03
1.2855580753613E-02
1.5656925807043E-02
1.6635282939553E-02
1.5715591853282E-02
1.3482680374667E-02
1.0992907578209E-02
9.0052235817570E-03
7.4493603775246E-03
6.3414820370965E-03
5.5901976908129E-03
6.4664302860948E-03
9.5116534436700E-03
1.3239471028635E-02
1.5925354122484E-02
1.6945162863599E-02
1.5848092157164E-02
1.3529341471248E-02
1.1047514009425E-02
8.9823296862074E-03
7.3780304350597E-03

0.0000000000000E+00
-3.5803320988547E-05
-3.7381693620733E-04
-1.5023097223152E-03
-3.9431765605083E-03
-7.3032995886097E-03
-1.2319688704883E-02
-1.7670138974960E-02
-2.2106226667829E-02
-2.4314242713554E-02
-2.3831508772373E-02
-2.2055115014117E-02
-2.0030936264738E-02
-1.8195997576355E-02
-1.6857786516566E-02
-1.6322011879469E-02
-1.7045245440870E-02
-1.9095008254562E-02
-2.2193593887206E-02
-2.5236116053343E-02
-2.7014473780661E-02
-2.7047896473187E-02
-2.5647676102487E-02
-2.3576907630939E-02
-2.1427649436643E-02
-1.9504556586102E-02
-1.8149946589686E-02
-1.7778115191651E-02
-1.8700614623339E-02
-2.0935118841009E-02
-2.3998853292634E-02
-2.6944224219648E-02
-2.8558962348754E-02
-2.8496034687630E-02
-2.6975035732095E-02
-2.4734968661969E-02
-2.2621210170608E-02
-2.0873030385224E-02
-1.9637719093990E-02
-1.9340277414881E-02
-2.0294571346687E-02
-2.2529856470729E-02
-2.5478494886578E-02
-2.8245060817282E-02
-2.9780330806381E-02
-2.9682651337957E-02
-2.8141384153886E-02
-2.5999562757409E-02
-2.3928626928199E-02
-2.2127797958037E-02
-2.0922498463447E-02
-2.0636325846262E-02
-2.1568771842939E-02
-2.3778455788589E-02
-2.6578822371861E-02
-2.9162615353045E-02
-3.0624204814639E-02
-3.0471085856662E-02
-2.8962431730718E-02
-2.6819348874328E-02
-2.4740308614413E-02

0.0000000000000E+00
1.4769710768012E-20
-1.0634191752969E-19
9.4526148915279E-19
3.2895099822517E-17
6.0118630710117E-17
1.3611765443800E-17
1.5275425664709E-16
6.9571245601645E-17
6.8625984112493E-17
-2.6183743249532E-17
3.9890034842248E-17
6.4797675081424E-17
1.7293558944050E-16
2.4702045865285E-16
2.2738265121570E-16
1.5677161797599E-16
2.5191218685922E-16
2.1117141667673E-16
4.4975541653890E-16
5.1554561618393E-16
5.0070501080423E-16
4.4077543239195E-16
2.1660667023936E-16
-8.2568591077496E-17
-1.5100552289216E-16
-2.0230959021593E-16
-1.7922157834337E-16
-1.4027680499027E-16
-1.5502288422106E-16
1.5502288422106E-17
-1.9661438974378E-17
1.4783889690350E-16
2.1069878593216E-16
4.5693940385646E-16
2.7790687781092E-16
2.2062403156826E-16
2.5616586356041E-16
5.2315497117161E-16
6.0194251629250E-16
6.4192707728366E-16
5.1800329605573E-16
7.4694562872853E-16
8.5962079823555E-16
1.0310912323679E-15
9.6246524825537E-16
8.4988460489727E-16
7.7152242744651E-16
8.1651687433018E-16
8.1311393296923E-16
8.8589906763399E-16
9.3940086792004E-16
9.2427668409360E-16
8.5716311836375E-16
9.0801818648017E-16
8.1008909620394E-16
7.0006065886656E-16
5.6696784119384E-16
3.3254299188395E-16
4.9144144821054E-16
3.9455214557237E-16

0.0000000000000E+00
5.3828989689632E-05
5.4078131485244E-04
1.8999864168043E-03
4.3383797423615E-03
7.3701039860725E-03
1.0166189345319E-02
1.2018225866550E-02
1.1504693431934E-02
9.7545504892757E-03
8.2321494513255E-03
7.0211624556219E-03
6.0527751995685E-03
5.3639605348837E-03
4.9480414682237E-03
4.8848008753635E-03
5.4882388058199E-03
6.9054963698034E-03
8.5806473320160E-03
9.6199377931883E-03
9.6253595036702E-03
8.8875493054976E-03
7.9022514480263E-03
6.9953043818929E-03
6.2601421734788E-03
5.6936184966305E-03
5.3226634363555E-03
5.2782250898185E-03
5.8769394236936E-03
7.2520731251057E-03
8.8175499966766E-03
9.8097562928450E-03
9.7833038166296E-03
8.9983711852627E-03
7.9581246707839E-03
7.0753593860115E-03
6.3894498777352E-03
5.8802530882672E-03
5.5553978641751E-03
5.6042359326975E-03
6.2727534749289E-03
7.6559667443706E-03
9.1963096790984E-03
1.0159054148328E-02
1.0093203800958E-02
9.3334431828359E-03
8.2859752608406E-03
7.3741219105734E-03
6.6703082857420E-03
6.1755542637665E-03
5.9174442724644E-03
6.0070055772230E-03
6.6948266970617E-03
8.0681309983737E-03
9.5481963632990E-03
1.0508165308053E-02
1.0413573911023E-02
9.6005364000969E-03
8.5617850627518E-03
7.6393890316049E-03
6.9663918941040E-03

0.0000000000000E+00
1.6795549148362E-04
1.9037024262471E-03
7.1161498051374E-03
4.2897856196291E-02
1.0245843570800E-01
1.2811627291777E-01
1.1242693981751E-01
9.4811844363837E-02
6.7414202025032E-02
8.7258776317072E-02
1.0366443749003E-01
7.2351876149938E-02
6.9474413379109E-02
7.2759567060704E-02
5.1356908331253E-02
6.8290335351069E-02
6.6759627031550E-02
1.3981165177135E-01
1.1527437559830E-01
1.2300720907660E-01
8.5968094215739E-02
1.0181429141305E-01
9.6572705826790E-02
8.5765156882010E-02
7.5428950265187E-02
6.0217823539599E-02
5.1160380072492E-02
4.9547926611141E-02
8.1726001272689E-02
8.2405486747426E-02
1.0750606879240E-01
8.1080568421132E-02
1.0160334817037E-01
1.0512143679509E-01
1.1846739345932E-01
1.3073522579904E-01
7.6500337896270E-02
5.7030522093180E-02
7.4451130155693E-02
5.9431389501313E-02
5.3474699712678E-02
8.2294027816169E-02
8.6338989402962E-02
8.4176526290928E-02
9.6183707718204E-02
1.0136335747965E-01
8.8619065288947E-02
7.7149716901317E-02
8.2681565232620E-02
5.4806138191544E-02
7.0988732754429E-02
4.9029920327635E-02
7.3348797766268E-02
6.4038463385822E-02
8.9909692443986E-02
7.9278797958591E-02
8.4669122857714E-02
8.4190841197319E-02
1.1431111443011E-01
1.0317186667719E-01

0.0000000000000E+00
-1.7885581243686E-04
-1.8230550788650E-03
-6.3304397316942E-03
-5.0461344402713E-02
-1.2020361191730E-01
-1.2271160444488E-01
-1.6549346641838E-01
-1.1800140174455E-01
-8.3534307108811E-02
-1.0177013848446E-01
-8.0232421335211E-02
-7.0411409048409E-02
-7.0193348353985E-02
-6.3534415047006E-02
-6.3102022442231E-02
-6.2550833765857E-02
-8.7438733259262E-02
-9.5874982901523E-02
-1.1967413769957E-01
-9.8065154667795E-02
-9.2388486972245E-02
-1.0782493171404E-01
-1.2134934514240E-01
-1.0381270932563E-01
-9.1119640198919E-02
-8.2925669893497E-02
-7.4642734770128E-02
-7.2816086712578E-02
-7.3427099679056E-02
-9.1963348362571E-02
-9.2165004546198E-02
-9.2799679183343E-02
-1.0142997479361E-01
-1.2099204143605E-01
-1.3311372298891E-01
-1.4877962430646E-01
-1.0190527003611E-01
-7.8749844992796E-02
-7.3558203075580E-02
-6.8472542023472E-02
-7.3223627452562E-02
-8.8246092605335E-02
-1.1493815949706E-01
-8.8334297174826E-02
-1.0694294768191E-01
-1.2699567332486E-01
-1.0427982373302E-01
-1.0535048578739E-01
-8.9672938040292E-02
-7.5188558089779E-02
-7.0895322234957E-02
-6.0187731666914E-02
-6.9183071352570E-02
-8.1683971526288E-02
-9.3150138093111E-02
-9.3750598118930E-02
-9.1226427767926E-02
-1.0922323725394E-01
-1.3761169447400E-01
-1.1166670039740E-01

0.0000000000000E+00
5.5949199347537E-12
1.5132460782762E-11
3.9342989146656E-11
1.4062397188280E-10
-3.2530038222877E-12
-1.2971178621157E-09
-1.1256161999227E-09
-6.3323563092023E-10
4.0778534660279E-11
2.2074179477426E-10
1.1600029876358E-10
2.6895099954005E-10
1.8566454426918E-10
1.0957552361595E-10
-9.6111757766983E-11
-3.9804992923442E-10
-4.7725834168532E-10
-5.1947967831402E-10
-1.1595471258605E-10
-8.6563676541363E-11
6.0995889873343E-10
6.0631649011493E-10
3.2603356863497E-10
2.4575692591042E-10
2.7589949017281E-10
-6.3688790268729E-11
-2.8650935706501E-10
-5.4177252430397E-10
-6.5722139515326E-10
-4.7528416540000E-10
-4.1519039179445E-10
2.7392789393368E-10
6.7187078073893E-10
6.2694326471157E-10
6.3036196705026E-10
1.4186656195462E-10
4.8769832081196E-12
-1.2947809239025E-10
-3.3185285723313E-10
-4.7442676385253E-10
-5.6351238343254E-10
-3.1449096829286E-10
-2.1622408723506E-10
3.3144935594224E-10
5.2810030603110E-10
7.1305679851553E-10
3.3917969273095E-10
3.0681317394875E-10
7.1022234765089E-12
-1.2963664890869E-10
-3.5285750185613E-10
-4.4093355072901E-10
-4.3709368921982E-10
-1.4148354089879E-10
-3.7738897954904E-10
3.7495821987920E-10
4.8544410317883E-10
4.7991357913727E-10
3.3556478747036E-10
1.6212880070806E-10

0.0000000000000E+00
1.5440017816992E-05
1.5269040208855E-04
5.6640889435566E-04
3.8432848570917E-03
1.0643546087521E-02
1.0928842538496E-02
1.1679820182867E-02
1.1508568504479E-02
9.8563606728245E-03
1.0128284576103E-02
9.4518893215160E-03
8.4334604753370E-03
7.8136055074664E-03
5.9025029230799E-03
4.3588257215719E-03
4.3680902769622E-03
6.2548678457104E-03
9.8628287531061E-03
1.1185786312788E-02
1.3267762887472E-02
1.1838409403674E-02
1.0732946829949E-02
9.8680240845288E-03
7.8673576233571E-03
6.7662161690908E-03
5.8130511202982E-03
5.3118588438759E-03
5.5795200163432E-03
6.3633455427486E-03
8.9957371706527E-03
1.1442712932280E-02
1.1544310589914E-02
1.1112488162694E-02
1.0377514654334E-02
1.0088374391825E-02
8.8994063990262E-03
7.8576727821761E-03
6.9725972336285E-03
7.1537273177487E-03
6.9535373632163E-03
7.5382939956044E-03
8.3867296858367E-03
1.2931277591813E-02
1.3605506255301E-02
1.3396393834617E-02
1.3183709508936E-02
1.1375103066873E-02
1.0006996121427E-02
9.0425477223087E-03
7.9783994248607E-03
8.2958025548754E-03
8.3609811795920E-03
8.8589539974504E-03
9.2408805229755E-03
1.2621845208681E-02
1.3789997988499E-02
1.3793483559905E-02
1.3088326564128E-02
1.1545498723337E-02
1.0082981963133E-02

0.0000000000000E+00
4.6386594135530E-04
2.9413296246917E-03
1.9642245125609E-02
8.9877112197749E-02
2.1851545634615E-01
2.1395454097230E-01
1.8024608070553E-01
1.7909302472317E-01
1.1870791343623E-01
1.7497310138053E-01
1.9093300931993E-01
1.5409810052840E-01
1.3408709086480E-01
9.6702627186390E-02
9.5499204324715E-02
7.3851136880567E-02
1.3621872430197E-01
1.5303062675025E-01
1.5102209913741E-01
1.1663485259431E-01
1.4841200671172E-01
1.5783976428554E-01
1.6942980755925E-01
1.3992820727483E-01
1.2535002005245E-01
1.1084848051389E-01
9.5869190139806E-02
8.6780560905543E-02
8.1935186814814E-02
1.0044315370202E-01
1.4812139772317E-01
1.5240735963325E-01
1.5762662658234E-01
1.6863652046364E-01
1.0750305644218E-01
1.1639368964000E-01
8.7516418034320E-02
1.0365115689833E-01
6.7278929498250E-02
6.3986783102600E-02
9.2213151945276E-02
1.0903273730681E-01
1.1864884939807E-01
1.2207679236127E-01
1.7021106563390E-01
1.6933595760903E-01
1.3977132160418E-01
1.3679196323440E-01
9.6715323315878E-02
7.5104912525679E-02
7.3351294907509E-02
7.6851585459068E-02
7.9197721906623E-02
1.0222173907136E-01
1.7148025190832E-01
1.1799238099584E-01
1.2701035930867E-01
1.4805890245062E-01
1.0853824314083E-01
1.0907682790112E-01

0.0000000000000E+00
-4.1970793813122E-04
-3.0521734030706E-03
-1.9536636846348E-02
-7.9545580720325E-02
-1.9693089305942E-01
-1.6728421096480E-01
-1.8254348029687E-01
-1.6257586292478E-01
-1.5585267800164E-01
-1.9524713235120E-01
-1.8266442198795E-01
-1.5918289153333E-01
-1.3201633673722E-01
-1.0652045263058E-01
-9.8183555739803E-02
-9.8590818478248E-02
-1.0777927432804E-01
-1.3496004213537E-01
-1.7788073574931E-01
-1.8550480286092E-01
-1.8767928672161E-01
-1.7347486524248E-01
-1.5556961296606E-01
-1.4208688840522E-01
-1.2598804547892E-01
-1.1281065226760E-01
-9.9708847924892E-02
-9.5457351328591E-02
-9.9563401841360E-02
-1.2588727440501E-01
-1.5671043922411E-01
-1.6983609917776E-01
-1.7115736071335E-01
-1.7875067867584E-01
-1.4419575230363E-01
-1.6065839506914E-01
-1.1749659946644E-01
-1.1014490726242E-01
-9.6612035375021E-02
-1.0509923241722E-01
-1.1030968499758E-01
-1.2810291997373E-01
-1.5509059793789E-01
-1.6663110644767E-01
-1.6815869922944E-01
-1.6391140925870E-01
-1.4877112788572E-01
-1.3669557213383E-01
-1.2274164346554E-01
-1.1754144821600E-01
-1.0472310941887E-01
-1.1249781151536E-01
-1.2045916793080E-01
-1.3730007278093E-01
-1.5752058576946E-01
-1.6560515387996E-01
-1.6461703116834E-01
-1.6034970119919E-01
-1.4264107728031E-01
-1.5403357702555E-01

0.0000000000000E+00
3.8129511625037E-09
1.6450672971896E-08
3.5239911057207E-08
8.4743417351912E-08
1.3520238753141E-07
1.0878725107194E-07
-4.0151729495785E-11
-1.2594301177588E-07
-1.0182297111299E-07
-5.7328773252615E-08
-4.8942547996980E-08
-4.2696681491396E-08
-2.0712460357122E-08
-5.3838651705111E-10
1.7232555073395E-08
3.8900643864167E-08
4.9254066970251E-08
4.8976762077429E-08
-4.9634905232405E-08
-2.1678521856586E-08
-7.3219247883316E-08
-3.6903796279816E-08
-2.9542730743120E-08
-1.1706512911801E-08
-4.6536100754774E-09
1.2012095070745E-08
2.8215628569838E-08
4.1577975745100E-08
5.0425914753968E-08
4.3989072753268E-08
-6.9187861002422E-09
-4.0308599938503E-08
-5.2509273676287E-08
-3.7634552550926E-08
-2.8070117846082E-08
-1.0410479203094E-08
-3.6996053701624E-11
9.2986958254869E-09
2.4827166307328E-08
3.6145682651887E-08
4.8586649893854E-08
4.1360652623986E-08
1.2884403801166E-08
-3.5057979809161E-08
-3.3809109856045E-08
-3.4115581179185E-08
-2.4113713918709E-08
-9.8629031440312E-09
9.5477550871286E-10
7.4092413476585E-09
2.0867447761237E-08
3.4066841154538E-08
3.8793663411237E-08
3.3953206602071E-08
2.1086954861492E-08
-3.4584028277324E-08
-3.5397977997981E-08
-2.9071538756582E-08
-2.5758574370902E-08
-9.1874659010858E-09

0.0000000000000E+00
2.8674734235094E-05
1.7189907546614E-04
1.0929106743604E-03
5.9972538699115E-03
1.3875525288364E-02
1.4293921949781E-02
1.5187515597621E-02
1.5319195702589E-02
1.3281180632211E-02
1.4681194174039E-02
1.3537216545706E-02
1.1765709468681E-02
9.8213212906193E-03
7.8176535549813E-03
6.4468788297382E-03
6.4932214637500E-03
9.4083943365539E-03
1.2566970649017E-02
1.4862155767300E-02
1.6011888927517E-02
1.5763729614228E-02
1.4554956738296E-02
1.3007287832475E-02
1.0854824330695E-02
9.2301415423660E-03
7.8734029572787E-03
7.2503927907981E-03
7.6725032106212E-03
9.0545416806171E-03
1.2223117940582E-02
1.5462642977984E-02
1.5596480981306E-02
1.4419961866487E-02
1.4207473589377E-02
1.2292192330985E-02
1.0809458238614E-02
9.6634473164290E-03
9.2295941790634E-03
8.6303074906319E-03
8.9110559150936E-03
1.0419622423081E-02
1.1752492158144E-02
1.4462536022533E-02
1.5217969813658E-02
1.4668889971850E-02
1.3959666221585E-02
1.3446507690548E-02
1.2797631217695E-02
1.1460318027303E-02
1.0200148191610E-02
9.9110650708497E-03
1.0296671175118E-02
1.1219634778937E-02
1.2878354622856E-02
1.5089719629976E-02
1.4703412629446E-02
1.5334841896885E-02
1.4563397320473E-02
1.3820059574386E-02
1.2806571362166E-02

0.0000000000000E+00
1.7800143659709E-05
1.5613719072891E-04
7.4714771955494E-04
2.4005797954414E-02
4.7790369572910E-02
5.3047393708171E-02
5.3119801694054E-02
4.5105801303687E-02
2.5575740369910E-02
3.4887912241561E-02
4.3628503357683E-02
3.5771233716742E-02
3.1517611311551E-02
2.5361450744801E-02
2.3011756482732E-02
2.5386745427013E-02
3.2467171239183E-02
3.8413188760383E-02
4.2380416070765E-02
3.8431446998752E-02
4.0400651975568E-02
3.5275959534659E-02
3.9736842890377E-02
2.9904628517178E-02
2.5777257287953E-02
2.2187599616321E-02
1.9742018250724E-02
1.8443828341315E-02
3.4183881294238E-02
3.8000901101058E-02
4.3174526705620E-02
3.4387903422255E-02
3.2290237340408E-02
3.5549545461901E-02
3.1557406403701E-02
2.5262103697607E-02
3.0288576964710E-02
2.0677653056302E-02
3.1906338212425E-02
1.5965420921387E-02
1.9120451972996E-02
3.1721312761838E-02
4.5287771377657E-02
3.4515069309460E-02
4.0974143198174E-02
4.8704335146138E-02
3.5174813843686E-02
2.6304418021132E-02
3.8230322770699E-02
1.8265848935342E-02
2.7709540388972E-02
1.4004922104150E-02
1.8260059886591E-02
2.4847517675764E-02
4.1925529606529E-02
2.9022578202016E-02
3.5662349810377E-02
4.0768301059625E-02
3.0402775457267E-02
4.3074738378260E-02

0.0000000000000E+00
-1.5872307256645E-05
-1.9823574915189E-04
-1.7364128579789E-03
-2.0756673547416E-02
-5.9382616826160E-02
-5.8261006996156E-02
-5.4618213752760E-02
-5.2454517896897E-02
-3.2928748236025E-02
-4.3569609771816E-02
-4.2643201313114E-02
-4.2034694601944E-02
-3.6500228837837E-02
-3.5361960563126E-02
-3.3629887805834E-02
-3.5027539155094E-02
-3.0047938421142E-02
-5.2268525769705E-02
-5.8326542852363E-02
-4.4308603056467E-02
-4.3909069310692E-02
-5.6666589793827E-02
-5.6778456390541E-02
-5.4087511555115E-02
-4.7231952172624E-02
-4.0710306361127E-02
-3.4484899607303E-02
-3.2929341709236E-02
-4.1219615023104E-02
-4.7039968410723E-02
-4.9197920285967E-02
-4.8882839259524E-02
-5.6735200120415E-02
-6.0653224319947E-02
-6.4306948371582E-02
-7.3316374603110E-02
-5.1520911320523E-02
-3.7240963021964E-02
-4.0912340142134E-02
-3.1488568870665E-02
-3.4197041000140E-02
-4.7356395341550E-02
-4.6032451023945E-02
-4.7990596571338E-02
-5.9812724233284E-02
-6.5965292720704E-02
-5.4236991092825E-02
-5.3209228893177E-02
-4.9456152265365E-02
-3.3924300947328E-02
-3.7958481703914E-02
-2.5293051887918E-02
-3.3534064245277E-02
-3.9797411694467E-02
-4.9188261215416E-02
-5.0356696488749E-02
-4.9391857439654E-02
-5.3529952047879E-02
-5.1007044111186E-02
-5.3708746019465E-02

0.0000000000000E+00
-2.9360274100833E-23
-2.8381598297472E-22
3.9147032134444E-22
1.2527050283022E-21
-2.5054100566044E-21
2.3801395537742E-20
-5.5119021245297E-20
-4.7602791075484E-20
-8.5183941924551E-20
9.2700172094364E-20
2.5054100566044E-21
1.7537870396231E-20
3.7581150849066E-20
-5.2613611188693E-20
1.8540034418873E-19
8.7689351981155E-21
-1.5408271848117E-19
-4.0086560905671E-20
-1.2025968271701E-19
1.5032460339627E-20
2.3801395537742E-19
-5.7624431301902E-20
-1.8038952407552E-19
-7.0151481584924E-20
-6.5140661471715E-20
1.9792739447175E-19
-1.3905025814155E-19
-9.0194762037759E-20
4.5097381018880E-20
-1.4030296316985E-19
2.0043280452835E-20
-3.9585478894350E-19
-2.3801395537742E-19
4.0086560905671E-20
-4.6350086047182E-19
4.5598463030201E-19
-2.6432076097177E-19
2.1295985481138E-20
-1.8164222910382E-19
-1.4907189836796E-19
9.5205582150968E-20
2.6933158108498E-20
-9.5205582150968E-20
1.2527050283022E-20
1.0397451734908E-19
2.0043280452835E-19
9.0194762037759E-20
-1.8540034418873E-19
-1.0647992740569E-19
-2.3175043023591E-20
-1.1650156763211E-19
-1.8164222910382E-19
6.8898776556622E-21
-5.1987258674542E-20
7.7667711754737E-20
-5.3239963702844E-20
-1.4969825088211E-19
1.3717120059909E-19
-1.4907189836796E-19
2.5429912074535E-19

0.0000000000000E+00
1.0410329477772E-06
1.0675646696695E-05
4.7035050420748E-05
1.3021556648549E-03
3.3031206809229E-03
3.1245724058814E-03
3.4006281240504E-03
2.9246047080479E-03
2.4620970724052E-03
3.1143851236651E-03
3.0577275049746E-03
2.7471740695327E-03
2.3901679223728E-03
1.9356055050500E-03
1.3833743646973E-03
1.4359074895536E-03
1.9423043755548E-03
3.1967216271792E-03
3.4654331543969E-03
3.6771160289046E-03
3.3637386047175E-03
3.0758506940239E-03
2.6036819101281E-03
2.1972248815168E-03
1.8420321357178E-03
1.4945429503623E-03
1.2768172547309E-03
1.3130823227413E-03
1.7070803095737E-03
2.6897868083328E-03
3.5262735347552E-03
3.2400407027293E-03
2.8634774114090E-03
2.7916286061507E-03
2.6768924151349E-03
2.3629448668308E-03
1.9165532910126E-03
1.5548035140916E-03
1.7219633127342E-03
1.3767541291429E-03
1.4344098125124E-03
1.8977180154489E-03
3.2195377267851E-03
3.1900374281665E-03
3.0277534844174E-03
2.9926436284301E-03
2.3931186811127E-03
2.1014284925070E-03
2.1147798331144E-03
1.5344369176599E-03
1.6394996228778E-03
1.3135177068069E-03
1.5248642213508E-03
1.5985341344610E-03
3.1156299804142E-03
2.9384578648749E-03
2.7490351975381E-03
2.6286361185837E-03
2.4227575048199E-03
2.0258599740256E-03

1.5000000000000E+01
1.5013031498935E+01
1.5120191316046E+01
1.5418552336439E+01
1.5955037929485E+01
1.6643825376887E+01
1.7340977220658E+01
1.7908209342354E+01
1.8150473797240E+01
1.8114910336022E+01
1.7900704143133E+01
1.7629371905962E+01
1.7366508576113E+01
1.7137006341559E+01
1.6959255597280E+01
1.6890486809443E+01
1.7159380054286E+01
1.7691980737171E+01
1.8224237405908E+01
1.8604560494701E+01
1.8714943503364E+01
1.8586167434336E+01
1.8322103145050E+01
1.8018897606924E+01
1.7725816862360E+01
1.7469832294560E+01
1.7267082707996E+01
1.7169491497837E+01
1.7452732180254E+01
1.7986101869640E+01
1.8534955822897E+01
1.8881372192094E+01
1.8971386572314E+01
1.8819895691315E+01
1.8532140623438E+01
1.8207792752020E+01
1.7893394587306E+01
1.7627280424923E+01
1.7422991324352E+01
1.7362364547627E+01
1.7664465280226E+01
1.8190121868822E+01
1.8733358199869E+01
1.9084161605794E+01
1.9155924175857E+01
1.8990215909840E+01
1.8684295053969E+01
1.8340509430191E+01
1.8009843338554E+01
1.7737774465379E+01
1.7540879261346E+01
1.7518918614402E+01
1.7827391504055E+01
1.8345844795638E+01
1.8876943975243E+01
1.9226811858546E+01
1.9290416878949E+01
1.9109422876171E+01
1.8790984481912E+01
1.8431818758106E+01
1.8091432168513E+01

1.5000000000000E+01
1.4999999999998E+01
1.4999606902770E+01
1.4994018729651E+01
1.4977551013101E+01
1.4956026376975E+01
1.4932951303388E+01
1.4914155039387E+01
1.4913346305060E+01
1.4915880884838E+01
1.4921714513449E+01
1.4930157989881E+01
1.4934015505608E+01
1.4934792358770E+01
1.4935178720558E+01
1.4935545665528E+01
1.4935822574202E+01
1.4911063293275E+01
1.4890824109731E+01
1.4872415349716E+01
1.4873907673648E+01
1.4878344919582E+01
1.4888390105013E+01
1.4894758249189E+01
1.4896818373039E+01
1.4897376071346E+01
1.4897883898475E+01
1.4898200832332E+01
1.4898491874409E+01
1.4897021413861E+01
1.4865698927766E+01
1.4853455436079E+01
1.4851109800557E+01
1.4859425549976E+01
1.4870353546984E+01
1.4873169146805E+01
1.4874985926427E+01
1.4875385907031E+01
1.4875739536793E+01
1.4876033431556E+01
1.4876278642368E+01
1.4876519628528E+01
1.4854211552246E+01
1.4836825116486E+01
1.4835009458100E+01
1.4845088989435E+01
1.4853780112713E+01
1.4856418294557E+01
1.4859056682302E+01
1.4859312782137E+01
1.4859561796530E+01
1.4859803307926E+01
1.4860024793727E+01
1.4858895817713E+01
1.4841744744988E+01
1.4828306496408E+01
1.4823792986266E+01
1.4833241459685E+01
1.4839637520690E+01
1.4842626689371E+01
1.4845754091861E+01

1.5000000000000E+01
1.5000125290638E+01
1.5001304050016E+01
1.5004951602219E+01
1.5012755219805E+01
1.5025497959448E+01
1.5041735093328E+01
1.5057972450892E+01
1.5070540565829E+01
1.5075365385753E+01
1.5071460486229E+01
1.5063496986795E+01
1.5055005726375E+01
1.5047581698680E+01
1.5042296187982E+01
1.5040350061219E+01
1.5043001371349E+01
1.5050383259987E+01
1.5060388275037E+01
1.5068888064296E+01
1.5072252160958E+01
1.5069494304742E+01
1.5062262590997E+01
1.5053340830046E+01
1.5044784682524E+01
1.5037800732403E+01
1.5033259690159E+01
1.5032112411827E+01
1.5035395731855E+01
1.5043168082529E+01
1.5053262064710E+01
1.5061753070144E+01
1.5065094313229E+01
1.5062603463358E+01
1.5055692453037E+01
1.5047067523350E+01
1.5038965702298E+01
1.5032520636013E+01
1.5028289312460E+01
1.5027296241617E+01
1.5030638171290E+01
1.5038365647284E+01
1.5048322320469E+01
1.5056762388701E+01
1.5060184177894E+01
1.5057798275580E+01
1.5051191460379E+01
1.5042954174148E+01
1.5035108417691E+01
1.5028729552532E+01
1.5024607762320E+01
1.5023648215439E+01
1.5026929662132E+01
1.5034499388343E+01
1.5044230698516E+01
1.5052561431699E+01
1.5056085022964E+01
1.5053865805859E+01
1.5047466534770E+01
1.5039408822332E+01
1.5031698871452E+01

0.0000000000000E+00
9.8944061275816E-04
9.9651917382002E-03
3.6767665143286E-02
9.1314540697379E-02
1.7434432484276E-01
2.7176155421835E-01
3.5932575553917E-01
4.1478110520635E-01
4.3439928979565E-01
4.2513630011633E-01
4.0010319854369E-01
3.7043294446964E-01
3.4281588623509E-01
3.2257149605389E-01
3.1629389288559E-01
3.3307843067614E-01
3.7885965981597E-01
4.4385625473516E-01
5.0369354992051E-01
5.3736581993820E-01
5.3964767880691E-01
5.1815624420352E-01
4.8476616250925E-01
4.4896619706211E-01
4.1703478581244E-01
3.9388747583487E-01
3.8559081396323E-01
4.0026083834122E-01
4.4267522796776E-01
5.0323555353607E-01
5.5857877296619E-01
5.8860687521662E-01
5.8834198743255E-01
5.6476000936536E-01
5.2999646650536E-01
4.9387531497664E-01
4.6216060826355E-01
4.3889296427574E-01
4.3040753970091E-01
4.4456509043060E-01
4.8559221443171E-01
5.4396198188881E-01
5.9702818138572E-01
6.2517405678595E-01
6.2355313726601E-01
5.9939393052300E-01
5.6450624005302E-01
5.2805585853704E-01
4.9579629822301E-01
4.7237777215471E-01
4.6352601158507E-01
4.7691941275022E-01
5.1659388224596E-01
5.7314198388098E-01
6.2457628715285E-01
6.5142917999397E-01
6.4887363287292E-01
6.2418595499930E-01
5.8899078549715E-01
5.5239966778939E-01

0.0000000000000E+00
0.0000000000000E+00
0.0000000000000E+00
0.0000000000000E+00
0.0000000000000E+00
0.0000000000000E+00
0.0000000000000E+00
0.0000000000000E+00
0.0000000000000E+00
0.0000000000000E+00
0.0000000000000E+00
0.0000000000000E+00
0.0000000000000E+00
0.0000000000000E+00
0.0000000000000E+00
0.0000000000000E+00
0.0000000000000E+00
0.0000000000000E+00
0.0000000000000E+00
0.0000000000000E+00
0.0000000000000E+00
0.0000000000000E+00
0.0000000000000E+00
0.0000000000000E+00
0.0000000000000E+00
0.0000000000000E+00
0.0000000000000E+00
0.0000000000000E+00
0.0000000000000E+00
0.0000000000000E+00
0.0000000000000E+00
0.0000000000000E+00
0.0000000000000E+00
0.0000000000000E+00
0.0000000000000E+00
0.0000000000000E+00
0.0000000000000E+00
0.0000000000000E+00
0.0000000000000E+00
0.0000000000000E+00
0.0000000000000E+00
0.0000000000000E+00
0.0000000000000E+00
0.0000000000000E+00
0.0000000000000E+00
0.0000000000000E+00
0.0000000000000E+00
0.0000000000000E+00
0.0000000000000E+00
0.0000000000000E+00
0.0000000000000E+00
0.0000000000000E+00
0.0000000000000E+00
0.0000000000000E+00
0.0000000000000E+00
0.0000000000000E+00
0.0000000000000E+00
0.0000000000000E+00
0.0000000000000E+00
0.0000000000000E+00
0.0000000000000E+00

0.0000000000000E+00
0.0000000000000E+00
0.0000000000000E+00
0.0000000000000E+00
0.0000000000000E+00
0.0000000000000E+00
0.0000000000000E+00
0.0000000000000E+00
0.0000000000000E+00
0.0000000000000E+00
0.0000000000000E+00
0.0000000000000E+00
0.0000000000000E+00
0.0000000000000E+00
0.0000000000000E+00
0.0000000000000E+00
0.0000000000000E+00
0.0000000000000E+00
0.0000000000000E+00
0.0000000000000E+00
0.0000000000000E+00
0.0000000000000E+00
0.0000000000000E+00
0.0000000000000E+00
0.0000000000000E+00
0.0000000000000E+00
0.0000000000000E+00
0.0000000000000E+00
0.0000000000000E+00
0.0000000000000E+00
0.0000000000000E+00
0.0000000000000E+00
0.0000000000000E+00
0.0000000000000E+00
0.0000000000000E+00
0.0000000000000E+00
0.0000000000000E+00
0.0000000000000E+00
0.0000000000000E+00
0.0000000000000E+00
0.0000000000000E+00
0.0000000000000E+00
0.0000000000000E+00
0.0000000000000E+00
0.0000000000000E+00
0.0000000000000E+00
0.0000000000000E+00
0.0000000000000E+00
0.0000000000000E+00
0.0000000000000E+00
0.0000000000000E+00
0.0000000000000E+00
0.0000000000000E+00
0.0000000000000E+00
0.0000000000000E+00
0.0000000000000E+00
0.0000000000000E+00
0.0000000000000E+00
0.0000000000000E+00
0.0000000000000E+00
0.0000000000000E+00

0.0000000000000E+00
0.0000000000000E+00
0.0000000000000E+00
0.0000000000000E+00
0.0000000000000E+00
0.0000000000000E+00
0.0000000000000E+00
0.0000000000000E+00
0.0000000000000E+00
0.0000000000000E+00
0.0000000000000E+00
0.0000000000000E+00
0.0000000000000E+00
0.0000000000000E+00
0.0000000000000E+00
0.0000000000000E+00
0.0000000000000E+00
0.0000000000000E+00
0.0000000000000E+00
0.0000000000000E+00
0.0000000000000E+00
0.0000000000000E+00
0.0000000000000E+00
0.0000000000000E+00
0.0000000000000E+00
0.0000000000000E+00
0.0000000000000E+00
0.0000000000000E+00
0.0000000000000E+00
0.0000000000000E+00
0.0000000000000E+00
0.0000000000000E+00
0.0000000000000E+00
0.0000000000000E+00
0.0000000000000E+00
0.0000000000000E+00
0.0000000000000E+00
0.0000000000000E+00
0.0000000000000E+00
0.0000000000000E+00
0.0000000000000E+00
0.0000000000000E+00
0.0000000000000E+00
0.0000000000000E+00
0.0000000000000E+00
0.0000000000000E+00
0.0000000000000E+00
0.0000000000000E+00
0.0000000000000E+00
0.0000000000000E+00
0.0000000000000E+00
0.0000000000000E+00
0.0000000000000E+00
0.0000000000000E+00
0.0000000000000E+00
0.0000000000000E+00
0.0000000000000E+00
0.0000000000000E+00
0.0000000000000E+00
0.0000000000000E+00
0.0000000000000E+00

0.0000000000000E+00
0.0000000000000E+00
0.0000000000000E+00
0.0000000000000E+00
0.0000000000000E+00
0.0000000000000E+00
0.0000000000000E+00
0.0000000000000E+00
0.0000000000000E+00
0.0000000000000E+00
0.0000000000000E+00
0.0000000000000E+00
0.0000000000000E+00
0.0000000000000E+00
0.0000000000000E+00
0.0000000000000E+00
0.0000000000000E+00
0.0000000000000E+00
0.0000000000000E+00
0.0000000000000E+00
0.0000000000000E+00
0.0000000000000E+00
0.0000000000000E+00
0.0000000000000E+00
0.0000000000000E+00
0.0000000000000E+00
0.0000000000000E+00
0.0000000000000E+00
0.0000000000000E+00
0.0000000000000E+00
0.0000000000000E+00
0.0000000000000E+00
0.0000000000000E+00
0.0000000000000E+00
0.0000000000000E+00
0.0000000000000E+00
0.0000000000000E+00
0.0000000000000E+00
0.0000000000000E+00
0.0000000000000E+00
0.0000000000000E+00
0.0000000000000E+00
0.0000000000000E+00
0.0000000000000E+00
0.0000000000000E+00
0.0000000000000E+00
0.0000000000000E+00
0.0000000000000E+00
0.0000000000000E+00
0.0000000000000E+00
0.0000000000000E+00
0.0000000000000E+00
0.0000000000000E+00
0.0000000000000E+00
0.0000000000000E+00
0.0000000000000E+00
0.0000000000000E+00
0.0000000000000E+00
0.0000000000000E+00
0.0000000000000E+00
0.0000000000000E+00

0.0000000000000E+00
2.8611514712407E-05
3.0456691500293E-04
1.1385332453928E-03
8.0732957573433E-03
1.9233632816484E-02
2.0439235712993E-02
2.6506395327960E-02
1.8891948765681E-02
1.3365279070103E-02
1.6277297732894E-02
1.6545845379191E-02
1.1569303317823E-02
1.1231712323025E-02
1.1641554170317E-02
1.0095783039251E-02
1.0926633468148E-02
1.3990193849556E-02
2.2340666690393E-02
1.9150963917021E-02
1.9679888744148E-02
1.4779923210965E-02
1.7251690910169E-02
1.9417016504275E-02
1.6608779729417E-02
1.4579307297511E-02
1.3267914407448E-02
1.1943021391266E-02
1.1650653251873E-02
1.3075925761216E-02
1.4714852627349E-02
1.7190177769621E-02
1.4847263187378E-02
1.6256726651630E-02
1.9351560736155E-02
2.1297204168595E-02
2.3810635944057E-02
1.6309324015133E-02
1.2599488691405E-02
1.1911797011636E-02
1.0955414622674E-02
1.1715506924495E-02
1.4117477716206E-02
1.8412032121278E-02
1.4132132322312E-02
1.7107172929137E-02
2.0340588686240E-02
1.6683800149120E-02
1.6855169807288E-02
1.4357918922160E-02
1.2032919052693E-02
1.1354780316066E-02
9.6297611664760E-03
1.1738844579615E-02
1.3069083262421E-02
1.4901947690214E-02
1.5000616790668E-02
1.4595008712804E-02
1.7475113020835E-02
2.2020021930392E-02
1.7871370419598E-02

0.0000000000000E+00
1.1131476199075E-05
7.3244285459512E-05
4.7138646093951E-04
3.8279254691141E-03
9.6511700843848E-03
8.2885433868526E-03
7.3583173394956E-03
7.6983365534759E-03
4.5985227201045E-03
6.4841059968412E-03
6.5375101322444E-03
6.1335667055859E-03
5.2942647901753E-03
4.3025835570560E-03
4.1913428282502E-03
3.2148647605097E-03
5.2322841397352E-03
5.4847284083647E-03
7.3020722139049E-03
4.7714256139317E-03
5.6260366659918E-03
5.7444604506396E-03
6.1832105370717E-03
6.2176445390513E-03
5.6554461858557E-03
5.1821214337671E-03
4.3400644633867E-03
3.7029845048212E-03
3.1293937772879E-03
4.8601336813080E-03
6.5831924250397E-03
7.0211100952830E-03
6.9560678852109E-03
7.9266697044397E-03
5.4346311725337E-03
4.0400505130553E-03
4.1323141169366E-03
4.4904998832658E-03
2.5670350502462E-03
3.4204657809583E-03
3.8244115038539E-03
4.3599537565416E-03
5.6663315666022E-03
5.7220998773790E-03
6.0779544397609E-03
6.0699295244981E-03
5.5885134352345E-03
5.3827100447473E-03
3.7940038319797E-03
3.6366442340336E-03
2.5135721373428E-03
2.6999865408539E-03
2.9818626128633E-03
4.7486540868789E-03
7.0686142208054E-03
6.0953058470733E-03
5.3765977801121E-03
5.6918632523637E-03
4.3414720413760E-03
3.6967818762950E-03

0.0000000000000E+00
2.8474839545020E-05
3.1714674267173E-04
2.7779517051649E-03
3.8407655465836E-02
9.5065858007228E-02
9.3179044530101E-02
8.7371071029063E-02
8.3933328909157E-02
5.2685388610984E-02
6.9759883993592E-02
6.9811085164470E-02
6.7247323243592E-02
5.8399822699373E-02
5.6582861557020E-02
5.3805065579951E-02
5.6042359504996E-02
5.1947245391630E-02
8.3660419812490E-02
9.3395054116731E-02
7.0892592574344E-02
7.0255362006044E-02
9.0675228308072E-02
9.0838679974596E-02
8.6545560903620E-02
7.5569487025285E-02
6.5131599905528E-02
5.5177692196664E-02
5.2691760836671E-02
6.5954463314233E-02
7.5279006524645E-02
7.8809546268558E-02
7.8212616118411E-02
9.0778368751745E-02
9.7050036885481E-02
1.0293959545017E-01
1.1734943419897E-01
8.2434385497449E-02
5.9583480299910E-02
6.5453332920276E-02
5.0386169346876E-02
5.4714970063247E-02
7.5761900044383E-02
7.3645713464094E-02
7.6787591952468E-02
9.5673514076060E-02
1.0553289813513E-01
8.6788943338007E-02
8.5131294167772E-02
7.9149445284302E-02
5.4299146899475E-02
6.0729713252560E-02
4.0467089165900E-02
5.3665899957951E-02
6.3673333898473E-02
7.8702623990701E-02
8.0578815297735E-02
7.9024347385083E-02
8.5646935486628E-02
8.1572941169072E-02
8.5973019454027E-02

0.0000000000000E+00
2.8616929989897E-05
3.0459238819954E-04
1.1385839688220E-03
8.0738151044341E-03
1.9232577906767E-02
2.0498603666844E-02
2.6478954626940E-02
1.8880224279127E-02
1.3365489137410E-02
1.6283222157513E-02
1.6586309998405E-02
1.1576300183990E-02
1.1230935736638E-02
1.1641530729713E-02
1.0096323590757E-02
1.0926453656171E-02
1.3990197321482E-02
2.2369864283416E-02
1.9147862031931E-02
1.9681153452256E-02
1.4782157915559E-02
1.7251989074246E-02
1.9415895222784E-02
1.6610033492101E-02
1.4579142431827E-02
1.3268107182960E-02
1.1942837563220E-02
1.1650573874012E-02
1.3076160203630E-02
1.4714135738011E-02
1.7200971006784E-02
1.4847948669335E-02
1.6256535707260E-02
1.9358726629768E-02
2.1298195678225E-02
2.3804739889034E-02
1.6304843205778E-02
1.2599975198847E-02
1.1912180824911E-02
1.0955606723756E-02
1.1715780392410E-02
1.4119374816854E-02
1.8390105519529E-02
1.4133487547972E-02
1.7110871629105E-02
2.0319307731978E-02
1.6684771797283E-02
1.6856077725982E-02
1.4347670086447E-02
1.2030169294365E-02
1.1358197240709E-02
9.6300370667063E-03
1.1735807642603E-02
1.3069435444206E-02
1.4904022094898E-02
1.5000095699029E-02
1.4596228442868E-02
1.7475717960631E-02
2.2017871115840E-02
1.7866672063584E-02

0.0000000000000E+00
1.1132782592527E-05
7.3252161673695E-05
4.7141388301461E-04
2.1570506927460E-03
5.2443709523075E-03
5.1349089833353E-03
4.3810435271248E-03
4.2982325933561E-03
3.7404642720393E-03
4.6859311764288E-03
4.5823922236784E-03
3.8203893967998E-03
3.2180901807551E-03
2.5564908631339E-03
2.3564053377553E-03
2.3661796434780E-03
3.2692493832474E-03
3.6727350420060E-03
4.2691376579834E-03
4.4521152686621E-03
4.5043028813186E-03
4.1633967658196E-03
4.0663153814220E-03
3.4100853217252E-03
3.0237130914940E-03
2.7074556544224E-03
2.3930123501974E-03
2.2909764318862E-03
2.3895216441926E-03
3.0212945857203E-03
3.7610505413785E-03
4.0760663802663E-03
4.1077766571205E-03
4.2900162882202E-03
3.4606980552872E-03
3.8558014816593E-03
2.8199183871946E-03
2.6434777742981E-03
2.3186888490005E-03
2.5223815780132E-03
2.6474324399420E-03
3.0744700793694E-03
3.7221743505094E-03
3.9991465547440E-03
4.0850655752135E-03
4.0640629826168E-03
3.5705070692573E-03
3.2830071176257E-03
2.9457994431729E-03
2.8209947571840E-03
2.5133546260530E-03
2.6999474763686E-03
2.8910200303393E-03
3.2952017467424E-03
4.1155260457997E-03
3.9745236931190E-03
3.9508087480402E-03
3.8483928287806E-03
3.4233858547275E-03
3.6968058486133E-03

0.0000000000000E+00
2.8480229855535E-05
3.1717719864302E-04
2.7782605727662E-03
3.8409276727063E-02
9.5012186921855E-02
9.3217611193849E-02
8.7389142004416E-02
8.3927228635036E-02
5.2685997177639E-02
6.9711375634906E-02
6.9805605372293E-02
6.7255511363110E-02
5.8400366140538E-02
5.6579136901001E-02
5.3807820489335E-02
5.6044062648150E-02
5.1947473982693E-02
8.3629641231527E-02
9.3322468563781E-02
7.0893764890348E-02
7.0254510897107E-02
9.0666543670123E-02
9.0845530224865E-02
8.6540018488185E-02
7.5571123476199E-02
6.5136490177804E-02
5.5175839371685E-02
5.2686946734778E-02
6.5951384036967E-02
7.5263949457157E-02
7.8716672457547E-02
7.8212542815239E-02
9.0776320192664E-02
9.7045158911915E-02
1.0289111739453E-01
1.1730619936498E-01
8.2433458112836E-02
5.9585540835142E-02
6.5459744227414E-02
5.0381710193065E-02
5.4715265600223E-02
7.5770232546480E-02
7.3651921638312E-02
7.6784954514142E-02
9.5700358773254E-02
1.0554446835313E-01
8.6779185748520E-02
8.5134766229084E-02
7.9129843624584E-02
5.4278881515725E-02
6.0733570726262E-02
4.0468883020670E-02
5.3654502792443E-02
6.3675858711147E-02
7.8701217944666E-02
8.0570714381999E-02
7.9026971903446E-02
8.5647923276606E-02
8.1611270577898E-02
8.5933993631144E-02

0.0000000000000E+00
2.8480229855535E-05
3.1717719864302E-04
2.7782605727662E-03
3.8409276727063E-02
9.5012186921855E-02
9.3217611193849E-02
8.7389142004416E-02
8.3927228635036E-02
5.2685997177639E-02
6.9711375634906E-02
6.9805605372293E-02
6.7255511363110E-02
5.8400366140538E-02
5.6579136901001E-02
5.3807820489335E-02
5.6044062648150E-02
5.1947473982693E-02
8.3629641231527E-02
9.3322468563781E-02
7.0893764890348E-02
7.0254510897107E-02
9.0666543670123E-02
9.0845530224865E-02
8.6540018488185E-02
7.5571123476199E-02
6.5136490177804E-02
5.5175839371685E-02
5.2686946734778E-02
6.5951384036967E-02
7.5263949457157E-02
7.8716672457547E-02
7.8212542815239E-02
9.0776320192664E-02
9.7045158911915E-02
1.0289111739453E-01
1.1730619936498E-01
8.2433458112836E-02
5.9585540835142E-02
6.5459744227414E-02
5.0381710193065E-02
5.4715265600223E-02
7.5770232546480E-02
7.3651921638312E-02
7.6784954514142E-02
9.5700358773254E-02
1.0554446835313E-01
8.6779185748520E-02
8.5134766229084E-02
7.9129843624584E-02
5.4278881515725E-02
6.0733570726262E-02
4.0468883020670E-02
5.3654502792443E-02
6.3675858711147E-02
7.8701217944666E-02
8.0570714381999E-02
7.9026971903446E-02
8.5647923276606E-02
8.1611270577898E-02
8.5933993631144E-02

0.0000000000000E+00
9.7860179619273E-12
9.8768147002395E-10
1.2191988476726E-08
6.3566555423174E-08
1.8345129511514E-07
3.4905184633584E-07
4.8781401632067E-07
4.4701660110021E-07
3.2135722844576E-07
2.2887588876583E-07
1.6649131937844E-07
1.2373217302151E-07
9.7172795983125E-08
8.2687566838467E-08
8.0587425324732E-08
1.0172777642101E-07
1.6105097330892E-07
2.4866442435408E-07
3.1254897475236E-07
3.1290137361513E-07
2.6677037384054E-07
2.1089934973261E-07
1.6526724368422E-07
1.3235548515722E-07
1.0948390486700E-07
9.5682290358376E-08
9.4091277424234E-08
1.1664764621156E-07
1.7762246810626E-07
2.6258469724315E-07
3.2500495900273E-07
3.2325453945499E-07
2.7346475381636E-07
2.1389223973459E-07
1.6907156000744E-07
1.3787974975852E-07
1.1677922495219E-07
1.0423267565289E-07
1.0607337125453E-07
1.3288929291580E-07
1.9795826000473E-07
2.8562796521591E-07
3.4856205028848E-07
3.4405798090770E-07
2.9420993044375E-07
2.3187867808259E-07
1.8365137217609E-07
1.5026760483319E-07
1.2880283898047E-07
1.1826109735230E-07
1.2186798250860E-07
1.5137432857588E-07
2.1984643790090E-07
3.0790464101730E-07
3.7293001931929E-07
3.6624622656199E-07
3.1128955481467E-07
2.4757238085749E-07
1.9710189730019E-07
1.6390392558723E-07

0.0000000000000E+00
1.0736831733815E-07
5.1798690556364E-06
2.0063421205833E-04
3.3465907018357E-03
2.0691354236462E-02
1.7274091700425E-02
1.5588623927881E-02
1.6589997380203E-02
1.1247602469049E-02
1.4661012671120E-02
1.4242681910539E-02
1.0152520296543E-02
7.5579469950623E-03
5.5003518965198E-03
4.5781983707876E-03
4.6327063159262E-03
6.4764815054311E-03
1.2251720940413E-02
1.5203088344602E-02
1.3098763558277E-02
1.3319163439650E-02
1.1800013795288E-02
1.3960454187678E-02
1.0130500847664E-02
8.1903992508613E-03
6.7999319070370E-03
5.4898773969954E-03
4.9001120310278E-03
4.7165135461520E-03
7.0641748914270E-03
1.0339371464333E-02
1.1284844977000E-02
1.1577939860110E-02
1.4645327632984E-02
1.0313315614032E-02
1.2657264346857E-02
6.8123863746156E-03
6.2171009385497E-03
4.4620391639906E-03
4.8000229750696E-03
4.9254433414315E-03
7.3142969878694E-03
9.7771208275156E-03
1.0889273945329E-02
1.0987036944495E-02
1.0979874909392E-02
9.9317048996191E-03
9.9672451094269E-03
6.7428244885003E-03
5.7746674681941E-03
5.3594195504919E-03
5.6343683801735E-03
6.0532621230763E-03
8.0112208224539E-03
1.0913900975812E-02
1.0742718994693E-02
1.0595966068238E-02
1.1451875100457E-02
1.0370101798904E-02
1.1851468482651E-02

0.0000000000000E+00
5.2448168926933E-10
2.6028068848439E-08
7.4949455987893E-07
2.5056539314283E-05
1.5078510740594E-04
1.5963570618451E-04
1.8098734667332E-04
1.8104945025944E-04
1.3491158140484E-04
1.5700258692797E-04
1.3452022151225E-04
1.0338738340939E-04
7.7635467093722E-05
4.7318610320376E-05
2.9894393804730E-05
3.0231626331123E-05
6.3015306572811E-05
1.2580376609447E-04
1.7063140394953E-04
2.1304931707457E-04
1.9166187281175E-04
1.6131037837645E-04
1.3144710318909E-04
8.8660110166207E-05
6.4606571364112E-05
4.7242923066709E-05
3.9848215577562E-05
4.4396336843758E-05
6.0436557636358E-05
1.1360878249235E-04
1.8250689544999E-04
1.8570868151625E-04
1.6340401159380E-04
1.5269301251387E-04
1.2460155115985E-04
9.6596297519809E-05
7.6443703443273E-05
6.5981959603886E-05
6.1911173839135E-05
6.2982457955469E-05
8.1593143149772E-05
1.0285031200464E-04
1.8530467109607E-04
2.0515241649814E-04
1.9425222223607E-04
1.8141463789422E-04
1.5280476677655E-04
1.3010446784592E-04
1.0504629846668E-04
8.2669878456075E-05
8.2296829291540E-05
8.6695914326923E-05
1.0073481610927E-04
1.2395496967690E-04
1.9066173744004E-04
1.9996543894565E-04
2.0943350748123E-04
1.8874826683912E-04
1.5976547041710E-04
1.3096135986262E-04

2.4420937500000E+13
2.4420937500000E+13
2.4420937500000E+13
2.4420937500000E+13
2.4420937500000E+13
2.4420937500000E+13
2.4420937500000E+13
2.4420937500000E+13
2.4420937500000E+13
2.4420937500000E+13
2.4420937500000E+13
2.4420937500000E+13
2.4420937500000E+13
2.4420937500000E+13
2.4420937500000E+13
2.4420937500000E+13
2.4420937500000E+13
2.4420937500000E+13
2.4420937500000E+13
2.4420937500000E+13
2.4420937500000E+13
2.4420937500000E+13
2.4420937500000E+13
2.4420937500000E+13
2.4420937500000E+13
2.4420937500000E+13
2.4420937500000E+13
2.4420937500000E+13
2.4420937500000E+13
2.4420937500000E+13
2.4420937500000E+13
2.4420937500000E+13
2.4420937500000E+13
2.4420937500000E+13
2.4420937500000E+13
2.4420937500000E+13
2.4420937500000E+13
2.4420937500000E+13
2.4420937500000E+13
2.4420937500000E+13
2.4420937500000E+13
2.4420937500000E+13
2.4420937500000E+13
2.4420937500000E+13
2.4420937500000E+13
2.4420937500000E+13
2.4420937500000E+13
2.4420937500000E+13
2.4420937500000E+13
2.4420937500000E+13
2.4420937500000E+13
2.4420937500000E+13
2.4420937500000E+13
2.4420937500000E+13
2.4420937500000E+13
2.4420937500000E+13
2.4420937500000E+13
2.4420937500000E+13
2.4420937500000E+13
2.4420937500000E+13
2.4420937500000E+13

0.0000000000000E+00
-1.3005602008221E-07
-3.9217728329223E-06
-2.6189660167479E-05
-1.1983614959700E-04
-2.9135394179486E-04
-2.8527272129641E-04
-1.9938077530898E-04
-2.3879069963090E-04
-2.0780357066885E-04
-2.6032950980160E-04
-2.4355256265060E-04
-2.1224385537777E-04
-1.7878278781973E-04
-1.4202727017411E-04
-1.3091140765307E-04
-1.3145442463766E-04
-1.8162496573596E-04
-2.0404083566700E-04
-2.2308850229341E-04
-2.4733973714790E-04
-2.5023904896215E-04
-2.3129982032331E-04
-1.9941804834174E-04
-1.7870810017999E-04
-1.4836293118048E-04
-1.3751814802708E-04
-1.2143004387281E-04
-1.1290057810306E-04
-1.3275120245515E-04
-1.6784969920669E-04
-2.0894725229881E-04
-2.2644813223701E-04
-2.2820981428447E-04
-2.0749013395388E-04
-1.7520620989320E-04
-1.3565327316715E-04
-1.1911364934071E-04
-1.1121744303550E-04
-1.0279354466576E-04
-1.1353843323391E-04
-1.3531022298537E-04
-1.7080389329830E-04
-2.0678746391719E-04
-2.2217480859689E-04
-2.2694808751186E-04
-2.2578127681205E-04
-1.7155514750899E-04
-1.3674314689964E-04
-1.1767398425684E-04
-1.0766585005935E-04
-1.0738150155599E-04
-1.1951192896468E-04
-1.4179871659343E-04
-1.8306676370791E-04
-2.2864033587776E-04
-2.2080687183995E-04
-2.1948937489112E-04
-1.9975985082105E-04
-1.7263546364458E-04
-1.4145677835758E-04

0.0000000000000E+00
2.4952430606903E-07
4.0695645374275E-06
2.3163212029471E-05
1.0606077429377E-04
2.4447351359782E-04
2.0679469548998E-04
2.4339130706249E-04
2.1676781723303E-04
1.1617934449247E-04
1.7571530999842E-04
1.5199004351642E-04
1.5859418621421E-04
1.2164008546502E-04
1.1013521618708E-04
1.1599807221604E-04
1.0546976128756E-04
1.4313948222746E-04
1.4644445349415E-04
2.3717431433241E-04
1.3100873256327E-04
1.7052703416333E-04
1.9654629092822E-04
2.0742615062141E-04
1.8944918454029E-04
1.6798406063855E-04
1.5041420302347E-04
1.3294513056652E-04
1.2727646843812E-04
1.2665435449483E-04
1.5194143953159E-04
1.8285936340669E-04
1.8678088071233E-04
2.0761077887125E-04
2.3833423823446E-04
1.9226100307151E-04
2.1421119342552E-04
1.5666213262192E-04
1.4685987634990E-04
1.2881604716669E-04
1.4013230988962E-04
1.4707957999678E-04
1.5477893577717E-04
1.7618196342057E-04
1.8477784617079E-04
1.7865387075882E-04
2.1854854567827E-04
1.9836150384763E-04
1.8226076284511E-04
1.6365552462071E-04
1.5672193095467E-04
1.3963081255850E-04
1.4999708202048E-04
1.6061222390774E-04
1.7484220013476E-04
1.8729454526811E-04
1.9389057304743E-04
2.0187540894637E-04
2.1379960159892E-04
1.9018810304042E-04
2.0537810270074E-04

6.6912986374376E-05
6.6912986374389E-05
6.6912986374389E-05
6.6912986374389E-05
6.6912986374389E-05
6.6912986374389E-05
6.6912986374389E-05
6.6912986374389E-05
6.6912986374389E-05
6.6912986374389E-05
6.6912986374389E-05
6.6912986374389E-05
6.6912986374389E-05
6.6912986374389E-05
6.6912986374389E-05
6.6912986374389E-05
6.6912986374389E-05
6.6912986374389E-05
6.6912986374389E-05
6.6912986374389E-05
6.6912986374389E-05
6.6912986374389E-05
6.6912986374389E-05
6.6912986374389E-05
6.6912986374389E-05
6.6912986374389E-05
6.6912986374389E-05
6.6912986374389E-05
6.6912986374389E-05
6.6912986374389E-05
6.6912986374389E-05
6.6912986374389E-05
6.6912986374389E-05
6.6912986374389E-05
6.6912986374389E-05
6.6912986374389E-05
6.6912986374389E-05
6.6912986374389E-05
6.6912986374389E-05
6.6912986374389E-05
6.6912986374389E-05
6.6912986374389E-05
6.6912986374389E-05
6.6912986374389E-05
6.6912986374389E-05
6.6912986374389E-05
6.6912986374389E-05
6.6912986374389E-05
6.6912986374389E-05
6.6912986374389E-05
6.6912986374389E-05
6.6912986374389E-05
6.6912986374389E-05
6.6912986374389E-05
6.6912986374389E-05
6.6912986374389E-05
6.6912986374389E-05
6.6912986374389E-05
6.6912986374389E-05
6.6912986374389E-05
6.6912986374389E-05

1.6720856647999E-11
8.1857834663843E-09
1.0399603707338E-07
6.7449584540045E-07
3.7595162621940E-06
9.7232165058288E-06
9.1118251623922E-06
9.9816440848803E-06
9.7031292369398E-06
8.3083294194813E-06
9.2564390631728E-06
8.3927930220365E-06
7.8108073121907E-06
6.5206900418399E-06
4.7410426021241E-06
4.2416789609621E-06
3.7040749098098E-06
6.0969103745530E-06
8.0312845542802E-06
9.0405365633393E-06
9.8670255077853E-06
9.5929375827573E-06
9.1435104643502E-06
8.4246611154659E-06
7.0933703386075E-06
5.9599576196779E-06
5.0749759183647E-06
4.5309952518476E-06
4.5107726788226E-06
4.9270402341085E-06
7.5194491597667E-06
9.9656429878076E-06
9.7875557171845E-06
9.2454853568198E-06
9.2376245825418E-06
8.7846989383792E-06
8.3198738311945E-06
5.8102656452126E-06
5.5130558416289E-06
4.8219723512868E-06
5.2534327190616E-06
5.9456534888308E-06
6.4865302316140E-06
9.4003631877791E-06
9.7408208947120E-06
9.2413133643609E-06
8.8767014633907E-06
8.3699501031070E-06
7.5605071532121E-06
6.3949099767936E-06
5.9534423958694E-06
5.5583131595744E-06
5.9705186147455E-06
6.4335006835282E-06
7.2559404577119E-06
9.4735301255191E-06
9.5555290713537E-06
9.6897047187275E-06
9.0900703423008E-06
9.3347835147109E-06
8.9233153321736E-06

7.1084687031778E-05
7.1084687031792E-05
7.1084687031791E-05
7.1084687031792E-05
7.1084687031792E-05
7.1084687031792E-05
7.1084687031792E-05
7.1084687031792E-05
7.1084687031792E-05
7.1084687031792E-05
7.1084687031791E-05
7.1084687031792E-05
7.1084687031792E-05
7.1084687031792E-05
7.1084687031792E-05
7.1084687031792E-05
7.1084687031791E-05
7.1084687031792E-05
7.1084687031792E-05
7.1084687031792E-05
7.1084687031792E-05
7.1084687031792E-05
7.1084687031792E-05
7.1084687031792E-05
7.1084687031791E-05
7.1084687031792E-05
7.1084687031792E-05
7.1084687031792E-05
7.1084687031791E-05
7.1084687031792E-05
7.1084687031791E-05
7.1084687031792E-05
7.1084687031791E-05
7.1084687031791E-05
7.1084687031792E-05
7.1084687031792E-05
7.1084687031792E-05
7.1084687031792E-05
7.1084687031792E-05
7.1084687031791E-05
7.1084687031792E-05
7.1084687031792E-05
7.1084687031792E-05
7.1084687031791E-05
7.1084687031792E-05
7.1084687031791E-05
7.1084687031792E-05
7.1084687031792E-05
7.1084687031791E-05
7.1084687031791E-05
7.1084687031791E-05
7.1084687031791E-05
7.1084687031792E-05
7.1084687031791E-05
7.1084687031791E-05
7.1084687031792E-05
7.1084687031792E-05
7.1084687031792E-05
7.1084687031791E-05
7.1084687031791E-05
7.1084687031791E-05

2.8635987172885E-05
2.8636331878061E-05
2.8637160202914E-05
2.8609152953639E-05
2.9377609055768E-05
3.3792349667092E-05
3.3387737157083E-05
3.4474511890525E-05
3.3452307388227E-05
3.2536406857281E-05
3.3490802577459E-05
3.2947221052921E-05
3.2542367102674E-05
3.1240990255920E-05
3.0025291306309E-05
2.9819410861364E-05
2.9462846935953E-05
3.1028291883096E-05
3.3093800216497E-05
3.4200368060403E-05
3.4507755896965E-05
3.4020674331500E-05
3.3415652372298E-05
3.2699606101601E-05
3.1653769880908E-05
3.0726245785440E-05
3.0068044411217E-05
2.9649051878087E-05
2.9444713907832E-05
2.9625087146368E-05
3.1639906396108E-05
3.4256864285056E-05
3.4020142038224E-05
3.3294519046957E-05
3.3421263880351E-05
3.3285010532948E-05
3.2630492011485E-05
3.0182643689463E-05
3.0096824716070E-05
2.9375790437064E-05
2.9529230845467E-05
2.9835701177736E-05
3.0459153355331E-05
3.3012031640940E-05
3.3209847818143E-05
3.2295156920609E-05
3.1898372347826E-05
3.1776465428172E-05
3.1140705596204E-05
3.0203320118229E-05
2.9855290361062E-05
2.9230175229538E-05
2.9350203702103E-05
2.9628202929748E-05
3.0578547349080E-05
3.2759589190174E-05
3.2697537754699E-05
3.2485607135985E-05
3.1920918208543E-05
3.2718122268557E-05
3.2315377722383E-05

0.0000000000000E+00
3.0021009061902E-13
1.2675857739629E-11
9.6734828088502E-11
3.5565465545098E-10
5.8289426762970E-10
8.6971895598906E-10
1.5781889487418E-10
-8.4900169257730E-10
-6.5772900505828E-10
-3.7460985003525E-10
-3.1140434266423E-10
-2.2309891267843E-10
-1.1424279874910E-10
-4.5376543274322E-11
3.2797566669982E-11
2.0540277094218E-10
4.0405446655159E-10
4.7397441811569E-10
-3.7785232040034E-11
-1.5905843580147E-10
-3.9542738924134E-10
-3.1300055485380E-10
-2.2737195861599E-10
-1.6978830460855E-10
-1.1950708669943E-10
-5.2430373936424E-11
4.1364756966832E-11
2.1852514601847E-10
4.3590855289647E-10
4.1894720958124E-10
8.7405918480050E-11
-2.1141824873384E-10
-3.7356906783997E-10
-3.3631140670995E-10
-2.4248056403311E-10
-1.2593719483579E-10
-9.5607508026111E-11
-3.9723465384435E-11
6.8153872176153E-11
2.3913479646963E-10
4.5625478807452E-10
4.5939658854460E-10
1.1713288436456E-10
-2.1673273022614E-10
-2.6543695281357E-10
-3.3902229518733E-10
-2.5965926220128E-10
-1.4342624657325E-10
-8.6447291976195E-11
-3.0384099125840E-11
7.8626345334983E-11
2.5617521025694E-10
4.5995477949229E-10
4.1842677754471E-10
1.9442663465047E-10
-3.7952129638431E-10
-3.7151902804109E-10
-2.8295055957887E-10
-2.3274780625488E-10
-1.4719226841188E-10

0.0000000000000E+00
0.0000000000000E+00
0.0000000000000E+00
0.0000000000000E+00
0.0000000000000E+00
0.0000000000000E+00
0.0000000000000E+00
0.0000000000000E+00
0.0000000000000E+00
0.0000000000000E+00
0.0000000000000E+00
0.0000000000000E+00
0.0000000000000E+00
0.0000000000000E+00
0.0000000000000E+00
0.0000000000000E+00
0.0000000000000E+00
0.0000000000000E+00
0.0000000000000E+00
0.0000000000000E+00
0.0000000000000E+00
0.0000000000000E+00
0.0000000000000E+00
0.0000000000000E+00
0.0000000000000E+00
0.0000000000000E+00
0.0000000000000E+00
0.0000000000000E+00
0.0000000000000E+00
0.0000000000000E+00
0.0000000000000E+00
0.0000000000000E+00
0.0000000000000E+00
0.0000000000000E+00
0.0000000000000E+00
0.0000000000000E+00
0.0000000000000E+00
0.0000000000000E+00
0.0000000000000E+00
0.0000000000000E+00
0.0000000000000E+00
0.0000000000000E+00
0.0000000000000E+00
0.0000000000000E+00
0.0000000000000E+00
0.0000000000000E+00
0.0000000000000E+00
0.0000000000000E+00
0.0000000000000E+00
0.0000000000000E+00
0.0000000000000E+00
0.0000000000000E+00
0.0000000000000E+00
0.0000000000000E+00
0.0000000000000E+00
0.0000000000000E+00
0.0000000000000E+00
0.0000000000000E+00
0.0000000000000E+00
0.0000000000000E+00
0.0000000000000E+00

