0
43200
86400
129600
172800
216000
259200
302400
345600
388800
432000
475200
518400
561600
604800
648000
691200
734400
777600
820800
864000
907200
950400
993600
1036800
1080000
1123200
1166400
1209600
1252800
1296000
1339200
1382400
1425600
1468800
1512000
1555200

0.0000000000000E+00
2.5920000000000E+06
5.1840000000000E+06
7.7760000000000E+06
1.0368000000000E+07
1.2960000000000E+07
1.5552000000000E+07
1.8144000000000E+07
2.0736000000000E+07
2.3328000000000E+07
2.5920000000000E+07
2.8512000000000E+07
3.1104000000000E+07
3.3696000000000E+07
3.6288000000000E+07
3.8880000000000E+07
4.1472000000000E+07
4.4064000000000E+07
4.6656000000000E+07
4.9248000000000E+07
5.1840000000000E+07
5.4432000000000E+07
5.7024000000000E+07
5.9616000000000E+07
6.2208000000000E+07
6.4800000000000E+07
6.7392000000000E+07
6.9984000000000E+07
7.2576000000000E+07
7.5168000000000E+07
7.7760000000000E+07
8.0352000000000E+07
8.2944000000000E+07
8.5536000000000E+07
8.8128000000000E+07
9.0720000000000E+07
9.3312000000000E+07

0.0000000000000E+00
2.1119413401223E-04
1.9555871976173E-03
6.8485486912856E-03
1.6480869858571E-02
3.0272722189888E-02
4.3052354871545E-02
4.8470303969822E-02
4.7079298331085E-02
3.9788589596362E-02
2.8660828815579E-02
1.9013132723614E-02
1.2841864807822E-02
9.3861285906613E-03
8.6017754517780E-03
1.1964641547670E-02
1.9815978493273E-02
3.0433461182073E-02
3.9103114183250E-02
4.3034688876794E-02
3.9879500360049E-02
3.1922619507102E-02
2.3984551543525E-02
1.6944664331320E-02
1.2777443155922E-02
1.0323060319328E-02
9.6338046128988E-03
1.2917423457189E-02
2.0212365786237E-02
2.9795341345547E-02
3.6856057036770E-02
3.8596812092839E-02
3.4561615510771E-02
2.6917854522164E-02
1.9605626507178E-02
1.4709343811180E-02
1.1752139514867E-02

0.0000000000000E+00
-3.4990925366772E-05
-3.6449471785705E-04
-1.3831831230848E-03
-3.5982678244211E-03
-7.4388993147084E-03
-1.2574013490554E-02
-1.7399484776840E-02
-2.0877126909010E-02
-2.3033305044756E-02
-2.3782997114641E-02
-2.3545562567320E-02
-2.2834748207633E-02
-2.1857509280424E-02
-2.1051344314040E-02
-2.0951406660576E-02
-2.2085453497580E-02
-2.4685242090270E-02
-2.8371850904724E-02
-3.2128965273946E-02
-3.4621132328689E-02
-3.5184873780077E-02
-3.4167813444878E-02
-3.2197781530513E-02
-2.9944515624546E-02
-2.7862381688235E-02
-2.6314102024545E-02
-2.5659988098610E-02
-2.6344750297770E-02
-2.8558783513678E-02
-3.1880740798567E-02
-3.5222251240593E-02
-3.7155323184180E-02
-3.7188219279813E-02
-3.5748679266019E-02
-3.3477199031341E-02
-3.1021783231918E-02

0.0000000000000E+00
-8.8618264608074E-21
-5.3170958764844E-20
7.7984072855105E-19
2.2686275739667E-18
1.9850491272209E-18
-1.1343137869833E-17
-6.8058827219001E-18
-9.0745102958668E-18
-2.2119118846175E-17
-1.9850491272209E-17
-8.7909318491209E-18
-1.4604290007411E-17
-1.6872917581377E-17
-1.8361704426793E-17
-1.9566912825463E-17
-1.4037133113919E-17
-1.3044608550309E-17
-1.4746079230784E-17
-1.1059559423088E-17
2.8357844674584E-19
1.1343137869833E-18
8.5073534023751E-18
1.5596814571021E-18
2.9775736908313E-18
2.0559437389073E-18
-2.4104167973396E-18
-3.1193629142042E-18
4.8208335946792E-18
1.0492402529596E-17
-5.6715689349167E-19
-1.2477451656817E-17
-1.8999755931971E-17
-2.4529535643515E-17
-2.8357844674584E-17
-3.1193629142042E-17
-2.2615381127981E-17

0.0000000000000E+00
5.7928031552276E-05
5.7302835845339E-04
2.1014482215925E-03
5.2469610974785E-03
9.9927152501671E-03
1.4747618806708E-02
1.7436709818468E-02
1.7351591986906E-02
1.5580347241212E-02
1.2946155668616E-02
1.0288905861651E-02
8.3264115271305E-03
7.2139203154832E-03
6.8023169835928E-03
7.1742143081282E-03
8.8507293081114E-03
1.1956694713168E-02
1.5206339458711E-02
1.6667147506249E-02
1.5976490666794E-02
1.4141358727186E-02
1.2041291803458E-02
1.0427548810462E-02
9.3494096595229E-03
8.6646079165173E-03
8.3113295571055E-03
8.5422085299215E-03
9.8754664360479E-03
1.2460150179577E-02
1.5106896341212E-02
1.6110971723867E-02
1.5291935218069E-02
1.3616788616644E-02
1.1865906649624E-02
1.0524298274327E-02
9.5605422374897E-03

0.0000000000000E+00
2.1134625479010E-04
1.9961184133520E-03
7.0933104710046E-03
1.7228783358599E-02
3.2198079112925E-02
5.4823217666966E-02
4.9546049856979E-02
6.4421745435217E-02
5.6516308592790E-02
6.3231200798340E-02
6.1468146369700E-02
5.9147175979465E-02
6.9146146116493E-02
7.1986112803022E-02
7.2318541938702E-02
7.3141479781981E-02
7.5825587968150E-02
8.0819124629604E-02
8.5685447824657E-02
9.4903992726106E-02
1.0838286736044E-01
1.1885205118999E-01
1.2308251828500E-01
1.2264973258198E-01
1.1797463403849E-01
1.1280280361501E-01
1.0809589876847E-01
1.0540585660881E-01
1.0559774580325E-01
1.0752330857161E-01
1.1100579704342E-01
1.2007814306741E-01
1.2946907006501E-01
1.3559794464127E-01
1.3573406614779E-01
1.3217599771928E-01

0.0000000000000E+00
-2.1187114981874E-04
-1.9967929481162E-03
-7.0928526737092E-03
-1.7315071066864E-02
-4.3878196848133E-02
-9.5663547707600E-02
-8.2206058180236E-02
-4.8916191627757E-02
-4.2592049415581E-02
-2.2788704125264E-02
-3.2712588313874E-02
-5.6915265965203E-02
-6.5402945364514E-02
-6.7795822960792E-02
-6.8176122297684E-02
-6.8592126814639E-02
-6.9993479245372E-02
-7.1879941125208E-02
-7.3507686009461E-02
-7.6035238664827E-02
-7.8100620724949E-02
-7.8633268969643E-02
-8.1177927563440E-02
-7.9635742848080E-02
-7.8388256066801E-02
-7.8232844610045E-02
-7.7945311247491E-02
-7.7800062697597E-02
-7.8031738823052E-02
-7.8442781095311E-02
-7.8833934906385E-02
-7.9326772366520E-02
-7.9375928237827E-02
-8.5911976465825E-02
-8.6777773249460E-02
-8.2238868177588E-02

0.0000000000000E+00
8.0558384135887E-11
3.2644389189642E-10
7.8859720621517E-10
1.5019168155969E-09
2.7605460991731E-09
2.7045784012892E-09
6.5169075323254E-09
1.2197255135019E-09
-1.0263266107242E-08
-1.4017957221360E-08
-8.5383709245683E-09
-5.2192799332415E-09
-3.4193208115467E-09
-1.5193030830630E-09
-1.3822506514191E-10
6.1619419717374E-10
1.9168014296577E-09
5.5633594789911E-09
8.0786751284492E-09
1.7023363084862E-09
-1.8963378054074E-09
-8.4469476580128E-09
-7.8492195058040E-09
-4.8355458507284E-09
-1.6133427035264E-09
-1.9803836201872E-10
8.4939751103008E-10
1.9563422214568E-09
3.5136890783585E-09
7.3387169656362E-09
7.8109240656136E-09
1.1111972894463E-09
-3.4590774323526E-09
-7.5949165828575E-09
-7.2484497931808E-09
-3.9746770811001E-09

0.0000000000000E+00
2.2376402219713E-05
2.2290692058210E-04
8.1329072865023E-04
2.0012941706508E-03
3.8649645115486E-03
6.1969617343220E-03
6.2341152173769E-03
5.9928041461615E-03
5.1620857430772E-03
4.1294649147236E-03
3.6490091048655E-03
3.6028354990716E-03
3.6464184218328E-03
3.5836191764765E-03
3.4936612853591E-03
3.6307953416828E-03
4.1786040055563E-03
4.8498020626940E-03
5.9652521853918E-03
6.6178951876401E-03
6.4136778556437E-03
6.2210655246067E-03
6.0091736959329E-03
5.6918765838844E-03
5.2782285169341E-03
4.9062470614184E-03
4.6055184067171E-03
4.5314140432940E-03
4.8205042777628E-03
5.3128573431130E-03
6.2635227578249E-03
6.9874963790240E-03
6.8506842042110E-03
6.6945552505263E-03
6.4113078178567E-03
5.9994989307429E-03

0.0000000000000E+00
4.0059344521323E-04
3.3497055955632E-03
1.8506270733136E-02
5.1288492051818E-02
9.7462356262917E-02
1.2583969567117E-01
1.2467082466827E-01
1.2592117865355E-01
9.9460429878886E-02
7.4217463253345E-02
5.6989588004626E-02
5.1952007480569E-02
4.7220767319076E-02
4.4971413268031E-02
5.1572434873338E-02
6.6417263093132E-02
8.3428985861476E-02
9.3617164850153E-02
1.1895584324480E-01
1.1572852892637E-01
9.6284664205494E-02
8.0640351436378E-02
7.6157833218877E-02
6.9940720942438E-02
6.3764176413274E-02
5.9736442259123E-02
6.3722439847068E-02
7.4886396235378E-02
8.8909107827632E-02
9.7585930589115E-02
1.0857310772331E-01
1.0381683551958E-01
9.0105879362392E-02
8.9721126934653E-02
8.3313419287499E-02
7.4967415689537E-02

0.0000000000000E+00
-3.9905333481054E-04
-3.2616325697084E-03
-1.7918058968737E-02
-5.6640540493558E-02
-1.0472752241379E-01
-1.3107035898280E-01
-1.2947448122820E-01
-1.4692757042310E-01
-1.3370260318384E-01
-1.3611327879146E-01
-1.6401493492627E-01
-1.9498655226106E-01
-2.1171800773600E-01
-2.1606593582038E-01
-2.1655268879035E-01
-2.1847514377060E-01
-2.2413544966638E-01
-2.3152755944750E-01
-2.3872426007712E-01
-2.5095181648686E-01
-2.6257556617489E-01
-2.6767873397956E-01
-2.6850291859629E-01
-2.6762612889005E-01
-2.6451768847609E-01
-2.6078218149879E-01
-2.5744849112792E-01
-2.5617586395093E-01
-2.5765425693160E-01
-2.6047064605731E-01
-2.6441949067009E-01
-2.7205511162462E-01
-2.7608470331936E-01
-2.7748480799453E-01
-2.7699900088565E-01
-2.7451321275977E-01

0.0000000000000E+00
9.2477945711731E-09
4.0669444939986E-08
1.0255581935912E-07
1.9545867778714E-07
2.9234620936731E-07
3.2826836872333E-07
1.8347667458722E-07
1.7377597591277E-08
-1.2441265429118E-07
-2.1213982359029E-07
-2.0000076052575E-07
-1.3023143603483E-07
-5.6424696025684E-08
7.5359434214583E-09
7.4057803384881E-08
1.4461607265104E-07
1.8610161704768E-07
1.4689250237507E-07
1.5605572881594E-08
-7.6649882840812E-08
-1.3972788823650E-07
-1.3156311908737E-07
-8.9835624904445E-08
-5.1856923814604E-08
-2.5545335859604E-08
1.2349303374346E-08
6.6779965757948E-08
1.2755711264813E-07
1.5817127615106E-07
1.1028833927197E-07
1.1456569293904E-08
-6.5588771568024E-08
-1.3005641362272E-07
-1.2155699285212E-07
-8.7787344388709E-08
-5.7542726211253E-08

0.0000000000000E+00
3.6641399625799E-05
3.0943383683440E-04
1.1528321443200E-03
3.3543788203557E-03
7.6199165753998E-03
1.3513268417247E-02
1.6766198877759E-02
1.6956218181699E-02
1.5424291686658E-02
1.3671188742426E-02
1.2001284373432E-02
1.0647733407583E-02
9.5882018055827E-03
8.8607077149430E-03
8.6813713171058E-03
9.5678936440022E-03
1.2086914244242E-02
1.5758385355953E-02
1.8785514509332E-02
1.9847762059331E-02
1.9277315034913E-02
1.7851918366710E-02
1.5996217535439E-02
1.4254958432316E-02
1.2833800922404E-02
1.1837159933408E-02
1.1413496184659E-02
1.2034479607549E-02
1.4209242714283E-02
1.7445677451884E-02
2.0147544119413E-02
2.0889782519568E-02
2.0040962626874E-02
1.8480499784780E-02
1.6624237940003E-02
1.4879014591859E-02

0.0000000000000E+00
2.8049096477646E-06
3.0565668867821E-05
1.1187715663507E-04
4.0432441966844E-04
7.4643618997540E-04
1.4229850570433E-03
1.6235873027412E-03
1.0936467135615E-03
1.1214681573495E-03
1.5448387105542E-03
1.6325361882144E-03
1.1761655271963E-03
1.0587449945649E-03
8.7681887313719E-04
6.8678962783548E-04
6.9654242588845E-04
7.0223569952602E-04
6.9553363472570E-04
8.8245739038223E-04
1.6923965949899E-03
1.7571141713339E-03
2.0162067994169E-03
1.6562549157952E-03
1.4024537125363E-03
1.1019864776618E-03
9.2988639209503E-04
7.5667726436677E-04
6.3953023586962E-04
5.9411207815376E-04
6.8844982679272E-04
1.3695464347899E-03
1.9284298976142E-03
2.0151819961953E-03
2.1299953772627E-03
1.6400556783362E-03
1.3481296366758E-03

0.0000000000000E+00
-2.8092571293371E-06
-3.6696744311002E-05
-1.7245396139278E-04
-5.1494205915761E-04
-8.8413820799801E-04
-1.8427057151650E-03
-2.3244278435109E-03
-1.6216289420503E-03
-1.2471378233933E-03
-1.7731492230198E-03
-2.8980336058073E-03
-2.4146901257984E-03
-2.1387719279268E-03
-2.0159356546422E-03
-1.9987354077473E-03
-2.0286517386960E-03
-2.0663078067554E-03
-2.1025391639555E-03
-2.1393314034732E-03
-2.4769179467098E-03
-2.7134583076703E-03
-3.0898329313522E-03
-2.5476251192343E-03
-1.9983549403689E-03
-1.8243347496448E-03
-1.8629965008397E-03
-1.8996712883744E-03
-1.9391880052545E-03
-1.9826160575478E-03
-2.0228414764331E-03
-2.0472221899707E-03
-2.9034115774828E-03
-3.0684426903266E-03
-3.1495536733449E-03
-2.5157562103157E-03
-1.8417502468726E-03

0.0000000000000E+00
-6.5475306010540E-25
4.0082274288191E-23
-2.0041137144096E-22
-1.8219215585542E-21
2.1863058702650E-21
2.7984715139392E-21
4.6641191898986E-22
2.0988536354544E-21
-7.4625907038378E-21
-7.9290026228277E-21
-5.9467519671208E-21
3.0316774734341E-21
8.2788115620701E-21
-2.2154566152019E-21
3.4980893924240E-22
5.7135460076258E-21
-3.1482804531816E-21
1.5158387367171E-21
-3.6146923721714E-21
-5.5969430278784E-21
-8.8618264608074E-21
-1.0494268177272E-21
-2.3320595949493E-22
-5.1305311088885E-21
1.1660297974747E-21
3.6146923721714E-21
-9.3282383797973E-22
6.8795758051005E-21
5.8301489873733E-21
1.0494268177272E-21
3.3814864126765E-21
-1.9822506557069E-21
6.9961787848480E-22
-1.1660297974747E-22
-6.1799579266157E-21
-4.6641191898986E-21

0.0000000000000E+00
2.5197082217208E-07
2.6083396993272E-06
9.6981941009258E-06
3.1061362032482E-05
6.3503811809609E-05
9.7881165708848E-05
1.0121113519085E-04
9.1044660839852E-05
8.1838771380867E-05
8.0038801731996E-05
7.4381797251721E-05
6.6019378286836E-05
5.9244761798119E-05
5.2576589454241E-05
4.7907811808595E-05
4.5707509522814E-05
4.6120269550659E-05
5.0923118154967E-05
6.0322765979004E-05
8.3255477133892E-05
9.9813085840068E-05
9.7206887940163E-05
8.4576228017870E-05
7.0329569589723E-05
6.0533635343845E-05
5.5734958489450E-05
5.2282525581998E-05
5.0560132375949E-05
5.1027064459059E-05
5.5004991849210E-05
6.9814007407853E-05
1.0261264653616E-04
9.6194425893660E-05
1.0021290889065E-04
8.3690943410982E-05
6.9670732136791E-05

1.5000000000000E+01
1.5020997768214E+01
1.5193483165285E+01
1.5677603264718E+01
1.6625975856789E+01
1.7998581860060E+01
1.9371198559544E+01
2.0077258681538E+01
2.0115203041479E+01
1.9577645401599E+01
1.8686638951308E+01
1.7891378165581E+01
1.7353079629400E+01
1.7015365494101E+01
1.6927669034431E+01
1.7225013203339E+01
1.7976706863716E+01
1.9063525668758E+01
2.0027724023574E+01
2.0479987902642E+01
2.0293869793553E+01
1.9616510494545E+01
1.8852400006505E+01
1.8130600282590E+01
1.7644828092480E+01
1.7321468476587E+01
1.7226740839535E+01
1.7499201588559E+01
1.8192742798887E+01
1.9188671079541E+01
2.0017562742990E+01
2.0239715663091E+01
1.9929575160273E+01
1.9261493741949E+01
1.8544031322814E+01
1.7988676351542E+01
1.7594054301579E+01

1.5000000000000E+01
1.5000000000000E+01
1.5000000000000E+01
1.4997995872982E+01
1.4983262794493E+01
1.4946062066724E+01
1.4907067957431E+01
1.4890473916193E+01
1.4888859979975E+01
1.4905634086652E+01
1.4918113376921E+01
1.4925922477425E+01
1.4931807327552E+01
1.4939850963046E+01
1.4951709569085E+01
1.4959902774980E+01
1.4962389196623E+01
1.4964455049138E+01
1.4949316817454E+01
1.4932530250986E+01
1.4911094542977E+01
1.4904413645901E+01
1.4901768519209E+01
1.4911900506390E+01
1.4926840791941E+01
1.4942626586194E+01
1.4952267304080E+01
1.4960643494764E+01
1.4965770499811E+01
1.4966795294422E+01
1.4958698400110E+01
1.4929897891750E+01
1.4902563121743E+01
1.4901869612785E+01
1.4902470307776E+01
1.4914157447927E+01
1.4929353897331E+01

1.5000000000000E+01
1.5000303272000E+01
1.5003156511648E+01
1.5011985502425E+01
1.5030873883523E+01
1.5061715632379E+01
1.5101013738900E+01
1.5140314167577E+01
1.5171160516197E+01
1.5190003691191E+01
1.5198149295047E+01
1.5198396864969E+01
1.5193279937575E+01
1.5185636858882E+01
1.5179354819288E+01
1.5179040571177E+01
1.5189223050612E+01
1.5211702385323E+01
1.5242704376184E+01
1.5273498086476E+01
1.5293891015181E+01
1.5298406883759E+01
1.5289974533259E+01
1.5273793124331E+01
1.5255224161689E+01
1.5238113566838E+01
1.5225456414680E+01
1.5220370062740E+01
1.5226597926042E+01
1.5245569354579E+01
1.5273264662101E+01
1.5300368538769E+01
1.5316047103736E+01
1.5316123137273E+01
1.5304067472755E+01
1.5285235595339E+01
1.5264906473108E+01

0.0000000000000E+00
1.8046301051842E-03
1.7706252403955E-02
6.4695448530147E-02
1.6092487025019E-01
3.0870708681046E-01
4.7328293356147E-01
5.9564289860893E-01
6.4741023749296E-01
6.4478670496347E-01
6.1143292544577E-01
5.6758379620168E-01
5.2391940822706E-01
4.8535837044280E-01
4.5889675647653E-01
4.5684660298671E-01
4.9736456107946E-01
5.8933722360000E-01
7.0618435194351E-01
7.9673307892340E-01
8.3095962829596E-01
8.1181508535282E-01
7.6076165995587E-01
6.9767079229249E-01
6.3590870637495E-01
5.8338007987097E-01
5.4658129288248E-01
5.3542460128602E-01
5.6568034596020E-01
6.4491317885094E-01
7.4816883489902E-01
8.2715452120049E-01
8.5225859463112E-01
8.2878214345105E-01
7.7619854450057E-01
7.1195130843863E-01
6.4904230713301E-01

0.0000000000000E+00
0.0000000000000E+00
0.0000000000000E+00
0.0000000000000E+00
0.0000000000000E+00
0.0000000000000E+00
0.0000000000000E+00
0.0000000000000E+00
0.0000000000000E+00
0.0000000000000E+00
0.0000000000000E+00
0.0000000000000E+00
0.0000000000000E+00
0.0000000000000E+00
0.0000000000000E+00
0.0000000000000E+00
0.0000000000000E+00
0.0000000000000E+00
0.0000000000000E+00
0.0000000000000E+00
0.0000000000000E+00
0.0000000000000E+00
0.0000000000000E+00
0.0000000000000E+00
0.0000000000000E+00
0.0000000000000E+00
0.0000000000000E+00
0.0000000000000E+00
0.0000000000000E+00
0.0000000000000E+00
0.0000000000000E+00
0.0000000000000E+00
0.0000000000000E+00
0.0000000000000E+00
0.0000000000000E+00
0.0000000000000E+00
0.0000000000000E+00

0.0000000000000E+00
0.0000000000000E+00
0.0000000000000E+00
0.0000000000000E+00
0.0000000000000E+00
0.0000000000000E+00
0.0000000000000E+00
0.0000000000000E+00
0.0000000000000E+00
0.0000000000000E+00
0.0000000000000E+00
0.0000000000000E+00
0.0000000000000E+00
0.0000000000000E+00
0.0000000000000E+00
0.0000000000000E+00
0.0000000000000E+00
0.0000000000000E+00
0.0000000000000E+00
0.0000000000000E+00
0.0000000000000E+00
0.0000000000000E+00
0.0000000000000E+00
0.0000000000000E+00
0.0000000000000E+00
0.0000000000000E+00
0.0000000000000E+00
0.0000000000000E+00
0.0000000000000E+00
0.0000000000000E+00
0.0000000000000E+00
0.0000000000000E+00
0.0000000000000E+00
0.0000000000000E+00
0.0000000000000E+00
0.0000000000000E+00
0.0000000000000E+00

0.0000000000000E+00
0.0000000000000E+00
0.0000000000000E+00
0.0000000000000E+00
0.0000000000000E+00
0.0000000000000E+00
0.0000000000000E+00
0.0000000000000E+00
0.0000000000000E+00
0.0000000000000E+00
0.0000000000000E+00
0.0000000000000E+00
0.0000000000000E+00
0.0000000000000E+00
0.0000000000000E+00
0.0000000000000E+00
0.0000000000000E+00
0.0000000000000E+00
0.0000000000000E+00
0.0000000000000E+00
0.0000000000000E+00
0.0000000000000E+00
0.0000000000000E+00
0.0000000000000E+00
0.0000000000000E+00
0.0000000000000E+00
0.0000000000000E+00
0.0000000000000E+00
0.0000000000000E+00
0.0000000000000E+00
0.0000000000000E+00
0.0000000000000E+00
0.0000000000000E+00
0.0000000000000E+00
0.0000000000000E+00
0.0000000000000E+00
0.0000000000000E+00

0.0000000000000E+00
0.0000000000000E+00
0.0000000000000E+00
0.0000000000000E+00
0.0000000000000E+00
0.0000000000000E+00
0.0000000000000E+00
0.0000000000000E+00
0.0000000000000E+00
0.0000000000000E+00
0.0000000000000E+00
0.0000000000000E+00
0.0000000000000E+00
0.0000000000000E+00
0.0000000000000E+00
0.0000000000000E+00
0.0000000000000E+00
0.0000000000000E+00
0.0000000000000E+00
0.0000000000000E+00
0.0000000000000E+00
0.0000000000000E+00
0.0000000000000E+00
0.0000000000000E+00
0.0000000000000E+00
0.0000000000000E+00
0.0000000000000E+00
0.0000000000000E+00
0.0000000000000E+00
0.0000000000000E+00
0.0000000000000E+00
0.0000000000000E+00
0.0000000000000E+00
0.0000000000000E+00
0.0000000000000E+00
0.0000000000000E+00
0.0000000000000E+00

0.0000000000000E+00
5.0844451052320E-06
4.7921228297968E-05
1.7023522002393E-04
4.1555451663092E-04
1.0530226869110E-03
2.2959169865710E-03
1.9729667413316E-03
1.5461177020218E-03
1.3563878671716E-03
1.5175473254314E-03
1.4752393715581E-03
1.4195231169564E-03
1.6595044957849E-03
1.7276661524160E-03
1.7356448921786E-03
1.7553945696584E-03
1.8198122240948E-03
1.9396564277281E-03
2.0564473776388E-03
2.2776892777204E-03
2.6011814911014E-03
2.8524451458608E-03
2.9539794034187E-03
2.9435951365960E-03
2.8313939429552E-03
2.7072701229023E-03
2.5943037506131E-03
2.5297412461955E-03
2.5343451758747E-03
2.5805583092825E-03
2.6641357625377E-03
2.8818699380091E-03
3.1072529045157E-03
3.2543489876371E-03
3.2576184194293E-03
3.1722268212045E-03

0.0000000000000E+00
4.8066973697573E-06
4.0195038316826E-05
2.2206726162266E-04
6.7967302752827E-04
1.2567176136554E-03
1.5728435041692E-03
1.5536842133707E-03
1.7631289154707E-03
1.6044413863422E-03
1.6333500870193E-03
1.9681708590437E-03
2.3398308328655E-03
2.5406136713688E-03
2.5927908481035E-03
2.5986321027158E-03
2.6217006881054E-03
2.6896234366946E-03
2.7783288634059E-03
2.8646886561692E-03
3.0114178507201E-03
3.1509044778782E-03
3.2121440518538E-03
3.2220349967547E-03
3.2115142001913E-03
3.1742132408277E-03
3.1293872106402E-03
3.0893825848759E-03
3.0741103186839E-03
3.0918504172213E-03
3.1256470377383E-03
3.1730322254977E-03
3.2646594557126E-03
3.3130159480447E-03
3.3298177491656E-03
3.3239883662816E-03
3.2941594053255E-03

0.0000000000000E+00
2.8089888862047E-06
3.6695336207264E-05
1.7244806003610E-04
5.1492569360002E-04
8.8412076925619E-04
1.8427088221924E-03
2.3244553182929E-03
1.6216576869854E-03
1.2471369646688E-03
1.7731383865444E-03
2.8980365592027E-03
2.4146985514355E-03
2.1387763848947E-03
2.0159370446337E-03
1.9987350335243E-03
2.0286508583210E-03
2.0663069708375E-03
2.1025383211398E-03
2.1393307729187E-03
2.4769297997451E-03
2.7134579051484E-03
3.0898342925580E-03
2.5476252812071E-03
1.9983814502918E-03
1.8243339066679E-03
1.8629956320892E-03
1.8996704161239E-03
1.9391870322019E-03
1.9826150557959E-03
2.0228407148341E-03
2.0472219569686E-03
2.9034309697036E-03
3.0684414910071E-03
3.1495619678860E-03
2.5157613098043E-03
1.8417514088219E-03

0.0000000000000E+00
5.0849075956499E-06
4.7923030754788E-05
1.7023945130411E-04
4.1556170560472E-04
1.0530767243552E-03
2.2959251449824E-03
1.9729453963257E-03
1.5461218904452E-03
1.3563914062270E-03
1.5175488191602E-03
1.4752355128728E-03
1.4195322235072E-03
1.6595075067958E-03
1.7276667072725E-03
1.7356450065288E-03
1.7553955147675E-03
1.8198141112356E-03
1.9396589911105E-03
2.0564507477918E-03
2.2776958254265E-03
2.6011888166507E-03
2.8524492285598E-03
2.9539804388401E-03
2.9435935819674E-03
2.8313912169238E-03
2.7072672867602E-03
2.5943015704433E-03
2.5297405586114E-03
2.5343458992779E-03
2.5805594057185E-03
2.6641391290420E-03
2.8818754336179E-03
3.1072576815604E-03
3.2543506713904E-03
3.2576175875470E-03
3.1722239452627E-03

0.0000000000000E+00
4.8071213425588E-06
4.0196467146758E-05
2.2207524879763E-04
6.7968648592270E-04
1.2567302689654E-03
1.5728443077937E-03
1.5536937747384E-03
1.7631308450772E-03
1.6044312382060E-03
1.6333593454975E-03
1.9681792191153E-03
2.3398386271327E-03
2.5406160928320E-03
2.5927912298446E-03
2.5986322654842E-03
2.6217017252472E-03
2.6896253959966E-03
2.7783307133700E-03
2.8646911209255E-03
3.0114217978423E-03
3.1509067940987E-03
3.2121448077547E-03
3.2220350231555E-03
3.2115135466806E-03
3.1742122617131E-03
3.1293861779854E-03
3.0893818935350E-03
3.0741103674111E-03
3.0918510831792E-03
3.1256477526877E-03
3.1730338880410E-03
3.2646613394954E-03
3.3130164398323E-03
3.3298176959344E-03
3.3239880106278E-03
3.2941585531172E-03

0.0000000000000E+00
2.8092571293371E-06
3.6696744311002E-05
1.7245396139278E-04
5.1494205915761E-04
8.8413820799801E-04
1.8427057151650E-03
2.3244278435109E-03
1.6216289420503E-03
1.2471378233933E-03
1.7731492230198E-03
2.8980336058073E-03
2.4146901257984E-03
2.1387719279268E-03
2.0159356546422E-03
1.9987354077473E-03
2.0286517386960E-03
2.0663078067554E-03
2.1025391639555E-03
2.1393314034732E-03
2.4769179467098E-03
2.7134583076703E-03
3.0898329313522E-03
2.5476251192343E-03
1.9983549403689E-03
1.8243347496448E-03
1.8629965008397E-03
1.8996712883744E-03
1.9391880052545E-03
1.9826160575478E-03
2.0228414764331E-03
2.0472221899707E-03
2.9034115774828E-03
3.0684426903266E-03
3.1495536733449E-03
2.5157562103157E-03
1.8417502468726E-03

0.0000000000000E+00
2.8092571293371E-06
3.6696744311002E-05
1.7245396139278E-04
5.1494205915761E-04
8.8413820799801E-04
1.8427057151650E-03
2.3244278435109E-03
1.6216289420503E-03
1.2471378233933E-03
1.7731492230198E-03
2.8980336058073E-03
2.4146901257984E-03
2.1387719279268E-03
2.0159356546422E-03
1.9987354077473E-03
2.0286517386960E-03
2.0663078067554E-03
2.1025391639555E-03
2.1393314034732E-03
2.4769179467098E-03
2.7134583076703E-03
3.0898329313522E-03
2.5476251192343E-03
1.9983549403689E-03
1.8243347496448E-03
1.8629965008397E-03
1.8996712883744E-03
1.9391880052545E-03
1.9826160575478E-03
2.0228414764331E-03
2.0472221899707E-03
2.9034115774828E-03
3.0684426903266E-03
3.1495536733449E-03
2.5157562103157E-03
1.8417502468726E-03

0.0000000000000E+00
2.7432494663088E-11
2.6843552591628E-09
3.6101491834180E-08
2.2506266120035E-07
8.1630937722979E-07
1.7779992293257E-06
2.4855175929740E-06
2.4613105611245E-06
1.9844585247814E-06
1.3701540884226E-06
8.6541844780963E-07
5.6676562891390E-07
4.2543228365081E-07
3.7826964612263E-07
4.2076194392593E-07
6.4039197090866E-07
1.1687188336924E-06
1.8903278108219E-06
2.2709643640097E-06
2.0866544766639E-06
1.6348203678717E-06
1.1853153903200E-06
8.8889860404054E-07
7.1458869352441E-07
6.1374164308652E-07
5.6471427688072E-07
5.9652424469882E-07
7.9726554516873E-07
1.2692124249180E-06
1.8656847419991E-06
2.1219308758283E-06
1.9116688361838E-06
1.5157834209833E-06
1.1510378795488E-06
9.0546998281532E-07
7.4722743737669E-07

0.0000000000000E+00
8.0272584586570E-08
5.6036389879438E-06
1.7753625595236E-04
1.6116593410853E-03
5.5015069861022E-03
8.5999588523928E-03
8.3694435362181E-03
1.0783578566877E-02
8.9354372916280E-03
9.2493741169890E-03
1.3258015536939E-02
1.6870093407037E-02
1.9189999743423E-02
1.9764247621050E-02
1.9823754263550E-02
2.0200982896277E-02
2.1261041853170E-02
2.2667070121472E-02
2.4095958133530E-02
2.6528761237809E-02
2.8732866160037E-02
2.9461436400772E-02
2.9394684448810E-02
2.9151782819949E-02
2.8549273327549E-02
2.7876888617751E-02
2.7288535747870E-02
2.7126779516528E-02
2.7521887100773E-02
2.8177654182639E-02
2.9054330973080E-02
3.0639964727079E-02
3.1254050623433E-02
3.1282677813991E-02
3.1091407016987E-02
3.0565912799224E-02

0.0000000000000E+00
9.1505961186223E-10
7.2064615305631E-08
9.8652870470071E-07
7.5758181178391E-06
3.6303987705955E-05
1.1000008520237E-04
1.5947343773838E-04
1.6124096957557E-04
1.3192733151348E-04
1.0175256633590E-04
7.8497846162263E-05
6.3006530136849E-05
5.2440038386019E-05
4.5508255826886E-05
4.3625337653663E-05
5.2190175560977E-05
8.1547367242526E-05
1.3561416323140E-04
1.9377168090752E-04
2.1828882752221E-04
2.0583381583649E-04
1.7818709050602E-04
1.4551943818240E-04
1.1737436712210E-04
9.5916496245749E-05
8.1778080650191E-05
7.5460258007166E-05
8.2411025899010E-05
1.1226416657450E-04
1.6591765675852E-04
2.2206141888375E-04
2.4196162408240E-04
2.2366850388850E-04
1.9258327286671E-04
1.5819422398898E-04
1.2821592622640E-04

3.3630000000000E+13
3.3630000000000E+13
3.3630000000000E+13
3.3630000000000E+13
3.3630000000000E+13
3.3630000000000E+13
3.3630000000000E+13
3.3630000000000E+13
3.3630000000000E+13
3.3630000000000E+13
3.3630000000000E+13
3.3630000000000E+13
3.3630000000000E+13
3.3630000000000E+13
3.3630000000000E+13
3.3630000000000E+13
3.3630000000000E+13
3.3630000000000E+13
3.3630000000000E+13
3.3630000000000E+13
3.3630000000000E+13
3.3630000000000E+13
3.3630000000000E+13
3.3630000000000E+13
3.3630000000000E+13
3.3630000000000E+13
3.3630000000000E+13
3.3630000000000E+13
3.3630000000000E+13
3.3630000000000E+13
3.3630000000000E+13
3.3630000000000E+13
3.3630000000000E+13
3.3630000000000E+13
3.3630000000000E+13
3.3630000000000E+13
3.3630000000000E+13

0.0000000000000E+00
-3.2123350396983E-08
-1.0433628299687E-06
-7.4025082932543E-06
-2.0515396820727E-05
-3.2965346405155E-05
-3.4812251849336E-05
-4.3515005202809E-05
-4.0145549599589E-05
-4.1231602437415E-05
-5.4445311516583E-05
-6.5605973970510E-05
-7.7994620904423E-05
-8.4687203094399E-05
-8.6426374328152E-05
-8.6621075516141E-05
-8.7390057508239E-05
-8.9654179866554E-05
-9.2611023779001E-05
-9.5489704030850E-05
-1.0038072659474E-04
-1.0503022646996E-04
-1.0707149359182E-04
-1.0740116743852E-04
-1.0705045155602E-04
-1.0580707539044E-04
-1.0431287259951E-04
-1.0297939645117E-04
-1.0247034558037E-04
-1.0306170277264E-04
-1.0418825842292E-04
-1.0576779626803E-04
-1.0882204464985E-04
-1.1043388132774E-04
-1.1099392319781E-04
-1.1079960035426E-04
-1.0980528510391E-04

0.0000000000000E+00
7.2260221955082E-08
1.4728969527272E-06
8.4875800859110E-06
2.2656216197423E-05
4.3562762496120E-05
5.2428143593122E-05
6.0087549227712E-05
5.2943541672132E-05
4.8423936826221E-05
5.4019723169347E-05
7.0895263567230E-05
9.7564654508593E-05
1.0253472890904E-04
1.0297502420078E-04
1.0299952181522E-04
1.0388861660265E-04
1.0589746442619E-04
1.0810499555861E-04
1.1011138039368E-04
1.1235793080270E-04
1.1144195157677E-04
1.0840335371702E-04
1.0706558108218E-04
1.0718227302631E-04
1.0769010441151E-04
1.0839477256504E-04
1.0893596557961E-04
1.0957847408233E-04
1.1031273470266E-04
1.1086382759404E-04
1.1124190097967E-04
1.1045173273763E-04
1.0784679995346E-04
1.0663936546099E-04
1.0689616378550E-04
1.0724755267506E-04

6.6912986374382E-05
6.6912986374389E-05
6.6912986374389E-05
6.6912986374389E-05
6.6912986374389E-05
6.6912986374389E-05
6.6912986374389E-05
6.6912986374389E-05
6.6912986374389E-05
6.6912986374389E-05
6.6912986374389E-05
6.6912986374389E-05
6.6912986374389E-05
6.6912986374389E-05
6.6912986374389E-05
6.6912986374389E-05
6.6912986374389E-05
6.6912986374389E-05
6.6912986374389E-05
6.6912986374389E-05
6.6912986374389E-05
6.6912986374389E-05
6.6912986374389E-05
6.6912986374389E-05
6.6912986374389E-05
6.6912986374389E-05
6.6912986374389E-05
6.6912986374389E-05
6.6912986374389E-05
6.6912986374389E-05
6.6912986374389E-05
6.6912986374389E-05
6.6912986374389E-05
6.6912986374389E-05
6.6912986374389E-05
6.6912986374389E-05
6.6912986374389E-05

4.1836756281555E-11
3.5686793161328E-09
5.9152683452066E-08
3.3801503985968E-07
1.0311747323226E-06
2.0097191240280E-06
3.0490853421431E-06
3.0925016427181E-06
2.9593579788205E-06
2.9045124256106E-06
2.8016967034789E-06
2.6187102532687E-06
2.4496523535428E-06
2.3004289189373E-06
2.1914171773574E-06
2.1601584640794E-06
2.2647066515920E-06
2.5594665943548E-06
2.9488443158569E-06
3.3253667845955E-06
3.6056044907672E-06
3.6360217278992E-06
3.5573403263882E-06
3.2956586090768E-06
3.0443033739681E-06
2.8551798864385E-06
2.7214090760955E-06
2.6526146019571E-06
2.7078391985377E-06
2.9317571057484E-06
3.2336293377291E-06
3.5438496890978E-06
3.8251789979736E-06
3.8127033037826E-06
3.6976790181413E-06
3.4204659621363E-06
3.1606634029322E-06

7.0414115964129E-05
7.0414115964137E-05
7.0414115964137E-05
7.0414115964137E-05
7.0414115964137E-05
7.0414115964137E-05
7.0414115964137E-05
7.0414115964137E-05
7.0414115964137E-05
7.0414115964137E-05
7.0414115964137E-05
7.0414115964137E-05
7.0414115964137E-05
7.0414115964137E-05
7.0414115964137E-05
7.0414115964138E-05
7.0414115964137E-05
7.0414115964137E-05
7.0414115964137E-05
7.0414115964137E-05
7.0414115964137E-05
7.0414115964137E-05
7.0414115964137E-05
7.0414115964137E-05
7.0414115964137E-05
7.0414115964137E-05
7.0414115964137E-05
7.0414115964137E-05
7.0414115964137E-05
7.0414115964138E-05
7.0414115964137E-05
7.0414115964137E-05
7.0414115964137E-05
7.0414115964137E-05
7.0414115964137E-05
7.0414115964137E-05
7.0414115964137E-05

2.6278417022322E-05
2.6278562204981E-05
2.6280341624862E-05
2.6288248224627E-05
2.6354806947632E-05
2.6697934202860E-05
2.7523917711441E-05
2.7609400182586E-05
2.7571073408146E-05
2.7437013902016E-05
2.7423928834756E-05
2.7474011407617E-05
2.7429581045527E-05
2.7328716275479E-05
2.7230857995739E-05
2.7163069587689E-05
2.7148353342115E-05
2.7249252868842E-05
2.7593599824852E-05
2.8095126224799E-05
2.8408188111855E-05
2.8448393078943E-05
2.8348462600587E-05
2.8120796537978E-05
2.7909294372181E-05
2.7736610733880E-05
2.7604872601204E-05
2.7507364012691E-05
2.7478589510448E-05
2.7569578806849E-05
2.7890759268021E-05
2.8327321589465E-05
2.8589279388815E-05
2.8574807504436E-05
2.8457843969426E-05
2.8226313574818E-05
2.8010191286816E-05

0.0000000000000E+00
4.3546670082042E-13
1.7570973285570E-11
1.5348306941239E-10
6.6597340944995E-10
1.5727939759768E-09
1.6827088903110E-09
5.2696379066961E-10
-7.0230959772804E-10
-1.1017128289974E-09
-1.0753642432427E-09
-7.0864208685797E-10
-3.5692186347849E-10
-1.4792430189186E-10
-1.4913914268849E-11
1.8802310489321E-10
6.4496933163943E-10
1.2370899867240E-09
1.1300123087327E-09
3.2222950302867E-13
-7.2679895652578E-10
-9.1274138633168E-10
-6.5499466867976E-10
-3.6517837111330E-10
-1.9209310316643E-10
-1.0219761061642E-10
-1.6157265557124E-11
1.6820700913058E-10
5.7494237474783E-10
1.0471980489986E-09
8.3392899533926E-10
-1.3568814157194E-10
-6.7160435617078E-10
-7.2527490867410E-10
-5.0280246293284E-10
-2.9769181709279E-10
-1.8145181556952E-10

0.0000000000000E+00
0.0000000000000E+00
0.0000000000000E+00
0.0000000000000E+00
0.0000000000000E+00
0.0000000000000E+00
0.0000000000000E+00
0.0000000000000E+00
0.0000000000000E+00
0.0000000000000E+00
0.0000000000000E+00
0.0000000000000E+00
0.0000000000000E+00
0.0000000000000E+00
0.0000000000000E+00
0.0000000000000E+00
0.0000000000000E+00
0.0000000000000E+00
0.0000000000000E+00
0.0000000000000E+00
0.0000000000000E+00
0.0000000000000E+00
0.0000000000000E+00
0.0000000000000E+00
0.0000000000000E+00
0.0000000000000E+00
0.0000000000000E+00
0.0000000000000E+00
0.0000000000000E+00
0.0000000000000E+00
0.0000000000000E+00
0.0000000000000E+00
0.0000000000000E+00
0.0000000000000E+00
0.0000000000000E+00
0.0000000000000E+00
0.0000000000000E+00

